0.00|0.00|22.50|1.10
0.00|0.00|16.90|1.10
0.00|0.00|28.40|1.10
0.00|0.00|2.90|1.10
0.00|0.00|2.10|1.10
0.00|0.00|38.40|1.10
0.00|0.00|26.50|1.10
0.00|0.00|20.60|1.10
0.00|0.00|10.10|1.10
0.00|0.00|2.30|1.20
0.00|0.00|1.60|1.20
0.00|0.00|2.70|1.20
0.00|0.00|2.30|1.20
0.00|0.00|1.50|1.20
0.00|0.00|3.90|1.10
0.00|0.00|11.70|1.10
0.00|0.00|40.90|1.20
0.00|0.00|29.50|1.20
0.00|0.00|8.00|1.20
0.00|0.00|28.00|1.20
0.00|0.00|13.50|1.20
0.00|0.00|38.70|1.20
0.00|0.00|14.00|1.20
0.00|0.00|7.80|1.20
0.00|0.00|8.00|1.20
0.00|0.00|22.30|1.20
9306.16|14526.22|37.40|1.20
0.00|0.00|32.00|1.20
0.00|0.00|75.20|1.20
0.00|0.00|44.10|1.20
0.00|0.00|19.10|1.20
0.00|0.00|8.70|1.20
0.00|0.00|8.70|1.20
9227.62|17679.82|29.90|1.20
2329.79|4463.80|63.90|1.20
0.00|0.00|84.40|1.20
0.00|0.00|86.10|1.20
0.00|0.00|99.80|1.30
0.00|0.00|72.30|1.30
0.00|0.00|24.80|1.30
0.00|0.00|11.60|1.30
0.00|0.00|43.60|1.30
0.00|0.00|43.90|1.30
814.11|542.74|72.90|1.30
0.00|0.00|31.20|1.30
0.00|0.00|8.60|1.30
0.00|0.00|30.70|1.30
6925.17|13268.39|71.80|1.30
2297.18|4401.32|88.00|1.30
0.00|0.00|31.60|1.30
0.00|0.00|56.20|1.30
2294.07|4395.35|77.10|1.30
2298.53|4403.91|53.30|1.40
0.00|0.00|12.70|1.40
0.00|0.00|25.50|1.40
0.00|0.00|85.90|1.40
0.00|0.00|49.60|1.40
0.00|0.00|9.40|1.40
0.00|0.00|7.20|1.40
0.00|0.00|85.40|1.40
0.00|0.00|98.20|1.40
0.00|0.00|12.70|1.40
0.00|0.00|8.60|1.40
0.00|0.00|55.00|1.40
4587.39|13183.94|86.50|1.40
6874.80|8781.26|35.50|1.40
2294.86|4396.87|45.50|1.40
2280.51|4369.39|58.00|1.40
0.00|0.00|89.50|1.50
0.00|0.00|55.10|1.50
0.00|0.00|77.60|1.50
0.00|0.00|72.00|1.50
0.00|0.00|75.90|1.50
0.00|0.00|44.10|1.50
0.00|0.00|9.80|1.50
0.00|0.00|25.60|1.50
0.00|0.00|79.40|1.50
0.00|0.00|46.00|1.50
0.00|0.00|13.90|1.50
0.00|0.00|8.80|1.50
6973.48|13360.95|34.30|1.50
0.00|0.00|43.50|1.50
0.00|0.00|12.10|1.50
1745.95|1474.36|52.70|1.50
0.00|0.00|86.90|1.50
0.00|0.00|89.50|1.50
0.00|0.00|92.80|1.50
0.00|0.00|99.20|1.50
0.00|0.00|67.90|1.60
0.00|0.00|30.70|1.60
0.00|0.00|12.40|1.60
0.00|0.00|25.00|1.60
0.00|0.00|6.30|1.60
0.00|0.00|6.70|1.60
0.00|0.00|6.70|1.60
6859.81|13143.17|21.20|1.60
0.00|0.00|9.30|1.60
0.00|0.00|15.10|1.60
0.00|0.00|86.40|1.60
0.00|0.00|67.10|1.60
0.00|0.00|58.70|1.60
0.00|0.00|99.40|1.60
0.00|0.00|36.10|1.60
0.00|0.00|83.60|1.60
0.00|0.00|97.80|1.60
11439.20|21917.13|18.50|1.60
0.00|0.00|8.60|1.70
0.00|0.00|6.90|1.60
13891.45|26615.55|28.10|1.70
2304.88|4416.08|83.20|1.70
0.00|0.00|69.40|1.70
0.00|0.00|15.10|1.70
0.00|0.00|18.30|1.70
4594.85|8803.57|9.60|1.70
0.00|0.00|9.10|1.70
0.00|0.00|8.30|1.70
0.00|0.00|25.70|1.70
0.00|0.00|75.50|1.70
0.00|0.00|95.40|1.70
0.00|0.00|94.20|1.70
0.00|0.00|37.40|1.70
0.00|0.00|77.10|1.70
0.00|0.00|69.20|1.70
4620.20|8852.14|51.20|1.70
0.00|0.00|7.10|1.70
2309.56|4425.05|13.20|1.70
0.00|0.00|44.10|1.70
0.00|0.00|22.00|1.70
0.00|0.00|9.10|1.80
0.00|0.00|68.60|1.80
0.00|0.00|71.10|1.80
0.00|0.00|34.00|1.80
6868.72|13160.23|34.40|1.80
0.00|0.00|67.70|1.80
0.00|0.00|68.40|1.80
0.00|0.00|8.90|1.80
0.00|0.00|65.40|1.80
0.00|0.00|83.90|1.80
0.00|0.00|48.00|1.80
0.00|0.00|73.90|1.80
0.00|0.00|61.10|1.80
0.00|0.00|47.60|1.80
4503.55|8628.66|83.80|1.80
0.00|0.00|24.20|1.80
2287.46|4382.70|28.00|1.80
0.00|0.00|37.40|1.80
0.00|0.00|40.10|1.80
0.00|0.00|37.90|1.80
0.00|0.00|75.20|1.90
0.00|0.00|31.00|1.90
2279.24|4366.95|14.50|1.90
9141.01|17513.87|47.70|1.90
2245.47|4302.24|87.50|1.90
0.00|0.00|50.80|1.90
0.00|0.00|42.70|1.90
0.00|0.00|72.50|1.90
0.00|0.00|33.10|1.90
2296.72|4400.43|16.70|1.90
0.00|0.00|78.80|1.90
0.00|0.00|83.10|1.90
0.00|0.00|76.70|1.90
0.00|0.00|58.80|1.90
0.00|0.00|7.30|1.90
0.00|0.00|60.00|2.00
0.00|0.00|78.20|2.00
0.00|0.00|23.00|2.00
0.00|0.00|7.20|2.00
0.00|0.00|6.90|2.00
0.00|0.00|27.60|2.00
0.00|0.00|73.70|2.00
0.00|0.00|38.30|2.00
4437.75|8502.57|32.00|2.00
0.00|0.00|50.20|2.00
0.00|0.00|74.30|2.00
2230.54|4273.65|39.20|2.00
14258.85|22814.17|33.00|2.00
2243.77|4298.99|34.70|2.00
0.00|0.00|30.40|2.00
0.00|0.00|10.70|2.00
0.00|0.00|65.60|2.00
0.00|0.00|100.00|2.00
0.00|0.00|26.60|2.00
0.00|0.00|43.80|2.00
0.00|0.00|9.30|2.00
0.00|0.00|7.40|2.00
0.00|0.00|7.40|2.00
2276.62|4361.93|8.50|2.00
4575.93|8767.33|51.10|2.00
0.00|0.00|100.00|2.10
0.00|0.00|49.30|2.10
0.00|0.00|11.60|2.10
0.00|0.00|61.90|2.10
2229.55|4271.74|91.20|2.10
4567.10|8750.41|67.10|2.10
0.00|0.00|32.80|2.10
0.00|0.00|44.00|2.10
4530.86|8680.98|84.80|2.10
12729.07|18205.97|71.30|2.10
8958.37|17163.93|31.90|2.10
2300.61|4407.89|24.10|2.10
0.00|0.00|6.60|2.10
0.00|0.00|5.50|2.10
6900.97|13222.04|6.60|2.10
0.00|0.00|36.80|2.10
0.00|0.00|23.40|2.10
0.00|0.00|73.50|2.10
8963.23|19131.61|37.90|2.10
21314.86|26269.13|8.40|2.10
11444.82|21927.88|47.40|2.10
13413.90|25700.58|74.50|2.10
2255.71|4321.86|84.60|2.10
0.00|0.00|99.00|2.20
0.00|0.00|47.00|2.20
6840.88|8737.93|5.60|2.20
0.00|4386.84|64.90|2.20
0.00|0.00|66.30|2.20
0.00|0.00|1.20|2.20
13790.57|26422.27|2.00|2.20
2303.80|4414.00|17.50|2.20
0.00|0.00|1.00|2.20
2304.85|4416.02|0.80|2.20
4610.81|8834.15|17.80|2.20
0.00|0.00|1.60|2.20
0.00|0.00|0.80|2.20
19186.64|24084.94|1.80|2.20
6898.97|13218.20|13.60|2.20
0.00|0.00|18.90|2.20
0.00|0.00|0.20|2.20
6910.43|13240.16|1.40|2.20
0.00|0.00|29.20|2.20
0.00|0.00|0.00|2.20
0.00|0.00|13.30|2.20
13805.07|26450.04|2.40|2.20
18423.74|35299.27|1.60|2.20
18436.59|35323.88|2.00|2.20
0.00|0.00|30.20|2.20
0.00|0.00|0.00|2.20
12258.96|10828.10|1.40|2.20
2297.65|4402.21|22.20|2.20
0.00|0.00|0.00|2.20
6896.97|13214.36|1.60|2.20
0.00|0.00|27.10|2.20
0.00|0.00|0.00|2.20
2299.01|4404.83|0.40|2.20
4598.11|8809.82|14.00|2.20
0.00|0.00|8.50|2.20
0.00|0.00|0.00|2.20
6906.39|13232.40|1.60|2.20
18398.02|35249.99|1.60|2.20
23014.39|44094.79|3.00|2.20
4600.42|8814.24|20.10|2.20
0.00|0.00|2.00|2.20
0.00|0.00|0.20|2.20
4602.28|8817.82|1.40|2.20
2294.39|4395.98|35.00|2.20
0.00|0.00|1.20|2.20
2289.56|4386.72|0.80|2.20
4413.32|8455.77|27.10|2.20
0.00|0.00|3.80|2.20
0.00|0.00|0.40|2.20
6832.83|13091.47|8.80|2.20
0.00|0.00|13.10|2.20
0.00|0.00|0.00|2.20
6875.88|13173.95|1.60|2.20
9086.35|17409.14|2.00|2.20
0.00|0.00|29.70|2.20
1722.33|0.00|0.00|2.20
6887.23|13195.70|1.80|2.20
13743.74|26332.54|1.40|2.20
15896.77|30457.67|2.20|2.20
0.00|0.00|24.00|2.20
0.00|1449.47|0.20|2.20
6106.48|5393.74|0.80|2.20
4508.31|8637.78|19.70|2.20
0.00|0.00|8.90|2.20
0.00|0.00|0.20|2.20
6886.38|13194.06|1.40|2.20
0.00|0.00|29.50|2.20
0.00|0.00|0.00|2.20
2295.13|4397.39|1.80|2.20
11461.90|26352.74|2.20|2.20
2292.42|0.00|31.20|2.20
0.00|0.00|0.20|2.20
2292.40|4392.16|0.60|2.20
28973.60|30320.32|2.60|2.20
4579.61|8774.37|25.20|2.20
0.00|0.00|7.10|2.20
0.00|0.00|1.40|2.20
6867.55|13158.00|8.10|2.20
0.00|0.00|24.50|2.20
0.00|0.00|0.00|2.20
4580.38|8775.86|1.60|2.20
18327.59|35115.05|2.00|2.20
11451.91|21941.47|1.80|2.20
22132.92|36105.53|2.80|2.20
0.00|0.00|28.30|2.20
0.00|0.00|0.00|2.20
12159.13|10739.92|1.20|2.20
2283.82|4375.72|32.50|2.20
0.00|0.00|1.80|2.20
0.00|0.00|0.40|2.20
6866.92|13156.79|1.20|2.20
0.00|0.00|12.00|2.20
0.00|0.00|0.00|2.20
6858.84|13141.30|0.80|2.20
0.00|0.00|19.40|2.20
0.00|0.00|0.00|2.20
3806.08|999.58|1.20|2.20
16767.45|19536.38|1.40|2.20
15977.46|30612.28|2.00|2.20
18305.16|35072.07|2.60|2.20
4571.51|8758.86|28.80|2.20
0.00|0.00|1.80|2.20
0.00|0.00|1.20|2.20
6849.17|13122.79|2.20|2.20
0.00|0.00|22.40|2.20
0.00|0.00|0.00|2.20
6860.28|13144.07|1.60|2.20
0.00|0.00|31.90|2.20
0.00|0.00|0.20|2.20
8340.67|9718.03|2.00|2.20
13671.02|26193.22|2.00|2.20
18272.32|35009.15|1.60|2.20
15976.80|30611.02|2.80|2.20
0.00|0.00|34.60|2.20
0.00|0.00|0.00|2.20
13677.60|7366.34|1.20|2.20
4569.90|8755.77|21.10|2.20
0.00|0.00|8.40|2.20
0.00|0.00|0.60|2.20
6837.10|13099.66|5.60|2.20
0.00|0.00|12.90|2.20
0.00|0.00|0.20|2.20
6835.35|13096.31|1.20|2.20
0.00|0.00|20.40|2.20
0.00|0.00|0.00|2.20
0.00|0.00|0.60|2.20
13678.14|26206.86|2.50|2.20
13273.23|25431.07|1.80|2.20
11361.09|30474.45|2.40|2.20
9096.24|8714.05|8.90|2.20
0.00|0.00|13.80|2.20
0.00|0.00|0.40|2.20
6845.92|13116.55|1.80|2.20
0.00|0.00|18.90|2.20
0.00|0.00|0.00|2.20
2275.90|4360.54|0.80|2.20
4566.95|8750.13|13.60|2.20
0.00|0.00|17.40|2.20
0.00|0.00|0.40|2.20
6834.17|13094.04|1.40|2.20
0.00|0.00|10.40|2.20
0.00|0.00|0.00|2.20
13637.25|11705.46|1.60|2.20
15897.78|26108.24|1.20|2.20
18261.54|34988.50|1.80|2.20
9128.89|17490.65|3.20|2.20
0.00|0.00|21.90|2.20
0.00|0.00|0.20|2.20
21213.88|9334.87|2.40|2.20
4522.51|8664.98|6.30|2.20
0.00|0.00|26.20|2.20
0.00|0.00|0.60|2.20
6802.13|13032.65|1.80|2.20
0.00|0.00|31.10|2.20
0.00|0.00|0.00|2.20
6824.64|13075.78|1.60|2.20
0.00|0.00|16.30|2.20
0.00|0.00|0.00|2.20
2240.87|4293.43|2.20|2.20
13493.80|25853.67|1.60|2.20
13535.76|25934.06|2.60|2.20
11251.22|21556.96|2.80|2.20
0.00|0.00|32.30|2.20
0.00|0.00|0.00|2.20
15720.89|11563.93|1.80|2.20
2262.58|4335.02|10.90|2.20
0.00|0.00|1.00|2.20
4508.78|12958.01|1.20|2.20
2268.60|0.00|30.50|2.20
0.00|0.00|0.00|2.20
0.00|0.00|0.60|2.20
13610.59|18857.13|2.60|2.20
18160.96|34795.79|2.40|2.20
2270.40|4350.01|19.50|2.20
0.00|0.00|0.40|2.20
2243.78|4299.01|1.60|2.20
13610.01|26076.32|1.60|2.20
0.00|0.00|31.70|2.20
1681.41|1419.85|0.00|2.20
19399.50|16800.34|2.80|2.20
15848.60|26027.47|1.60|2.20
0.00|0.00|28.20|2.20
0.00|0.00|0.20|2.20
11438.68|13484.01|1.40|2.20
3512.02|4328.33|24.90|2.20
0.00|0.00|0.60|2.20
0.00|0.00|0.60|2.20
24775.07|14557.96|2.80|2.20
6755.94|8629.44|12.30|2.20
0.00|0.00|5.10|2.20
0.00|0.00|0.80|2.20
3753.00|985.64|0.60|2.20
3739.97|982.22|0.20|2.20
0.00|0.00|0.40|2.20
0.00|0.00|0.20|2.20
3751.24|985.17|0.20|2.20
0.00|0.00|0.20|2.20
0.00|0.00|0.20|2.20
0.00|0.00|0.20|2.20
3772.16|990.67|0.40|2.20
0.00|0.00|0.20|2.20
0.00|0.00|0.20|2.20
0.00|0.00|0.40|2.20
0.00|0.00|0.20|2.20
0.00|0.00|0.20|2.20
3737.33|981.52|0.40|2.20
0.00|0.00|0.00|2.20
0.00|0.00|0.00|2.20
3726.38|978.65|0.60|2.20
0.00|0.00|0.40|2.20
0.00|0.00|0.00|2.20
0.00|0.00|11.80|2.20
34140.27|11565.43|1.70|2.20
5947.34|978.68|10.40|2.20
0.00|0.00|33.80|2.20
25127.95|8546.42|26.60|2.20
14428.42|3798.87|30.50|2.20
0.00|0.00|6.50|2.20
0.00|0.00|3.10|2.20
0.00|0.00|2.60|2.20
0.00|0.00|2.50|2.20
3723.52|977.89|2.20|2.20
0.00|0.00|1.80|2.20
0.00|0.00|14.50|2.20
33800.43|10450.73|3.30|2.20
5856.83|1927.56|1.20|2.20
0.00|0.00|9.30|2.20
3673.71|964.81|2.10|2.20
0.00|0.00|29.60|2.20
0.00|0.00|29.80|2.20
0.00|0.00|34.00|2.20
0.00|0.00|28.00|2.20
3642.28|956.56|35.50|2.30
0.00|0.00|16.90|2.30
0.00|0.00|4.50|2.30
13820.82|3863.89|17.00|2.30
26182.87|8617.15|4.50|2.30
0.00|0.00|7.80|2.30
0.00|0.00|10.50|2.30
3633.75|954.32|29.60|2.30
0.00|0.00|29.20|2.20
0.00|0.00|6.80|2.30
0.00|0.00|6.70|2.30
0.00|0.00|9.60|2.30
2203.38|4221.60|35.70|2.30
2115.10|4052.47|58.90|2.30
0.00|0.00|78.90|2.30
2095.86|4015.59|56.00|2.30
4309.13|8256.15|90.90|2.30
2106.04|4035.09|97.30|2.30
0.00|0.00|37.20|2.30
0.00|0.00|13.60|2.30
0.00|0.00|42.20|2.30
0.00|0.00|32.30|2.30
0.00|0.00|19.60|2.30
0.00|0.00|10.30|2.30
0.00|0.00|9.10|2.30
0.00|4196.62|53.60|2.30
2096.34|0.00|54.60|2.40
0.00|0.00|30.80|2.40
0.00|0.00|25.60|2.40
0.00|0.00|77.20|2.40
0.00|0.00|56.40|2.40
0.00|0.00|93.90|2.40
0.00|0.00|84.70|2.40
0.00|0.00|68.10|2.40
0.00|0.00|76.20|2.40
0.00|0.00|32.80|2.40
0.00|0.00|79.20|2.40
0.00|0.00|91.20|2.50
0.00|0.00|57.30|2.50
2067.61|3961.48|84.50|2.50
0.00|0.00|41.90|2.50
0.00|0.00|40.40|2.50
0.00|0.00|67.00|2.50
0.00|0.00|81.70|2.50
0.00|0.00|14.60|2.50
0.00|0.00|9.80|2.50
0.00|0.00|70.90|2.50
0.00|0.00|96.30|2.50
0.00|0.00|32.20|2.50
0.00|0.00|27.60|2.50
0.00|0.00|8.30|2.50
0.00|0.00|40.20|2.50
0.00|0.00|8.40|2.50
0.00|0.00|36.90|2.50
0.00|0.00|89.30|2.50
2100.91|4025.28|76.10|2.60
2072.89|3971.58|49.20|2.60
2179.96|4176.74|90.00|2.60
0.00|0.00|87.10|2.60
0.00|0.00|45.50|2.60
0.00|3979.42|87.90|2.60
8392.38|12059.64|77.00|2.60
0.00|0.00|83.10|2.60
0.00|0.00|15.10|2.70
0.00|0.00|21.70|2.70
0.00|0.00|11.80|2.70
0.00|0.00|27.00|2.70
0.00|0.00|24.10|2.70
0.00|0.00|9.10|2.70
0.00|0.00|8.30|2.70
0.00|0.00|18.40|2.70
0.00|0.00|9.60|2.70
2196.70|4208.79|24.60|2.70
0.00|0.00|42.90|2.70
0.00|0.00|64.80|2.70
0.00|0.00|90.20|2.70
0.00|0.00|99.10|2.70
0.00|0.00|85.40|2.70
0.00|0.00|99.40|2.70
0.00|0.00|76.10|2.80
0.00|0.00|26.30|2.80
0.00|0.00|35.90|2.80
0.00|0.00|84.50|2.80
0.00|0.00|23.00|2.80
0.00|0.00|7.10|2.80
0.00|0.00|6.50|2.80
0.00|0.00|7.50|2.80
0.00|0.00|7.30|2.80
0.00|0.00|8.00|2.80
2183.38|4183.28|62.40|2.80
4132.64|7918.01|73.70|2.80
0.00|0.00|46.30|2.80
0.00|0.00|76.80|2.80
2027.51|3884.64|88.00|2.80
2045.74|3919.57|87.30|2.80
2588.61|897.38|43.00|2.80
2163.43|4145.05|12.70|2.90
0.00|0.00|26.90|2.80
0.00|0.00|8.90|2.80
0.00|4135.04|8.70|2.80
8770.84|12603.48|10.60|2.80
2194.64|4204.85|23.70|2.90
0.00|0.00|8.60|2.90
0.00|0.00|8.50|2.80
6572.18|12592.08|29.60|2.90
0.00|0.00|84.10|2.90
0.00|0.00|68.30|2.90
0.00|0.00|73.10|2.90
4185.51|8019.30|13.20|2.90
4390.32|8411.70|71.70|2.90
6348.27|16217.43|90.00|2.90
6291.64|12054.57|88.50|2.90
12488.51|19939.64|71.20|2.90
10929.36|20940.29|10.70|2.90
0.00|0.00|14.60|2.90
0.00|0.00|1.40|2.90
4398.42|8427.23|36.20|2.90
2120.29|4062.40|72.70|2.90
0.00|0.00|17.20|2.90
7246.77|1903.19|2.10|2.90
6622.73|12688.93|2.50|2.90
0.00|0.00|16.40|2.90
0.00|0.00|0.20|2.90
2213.86|4241.69|2.10|2.90
8887.31|17027.78|2.70|2.90
2221.70|4256.70|16.60|2.90
0.00|0.00|2.10|2.90
14402.25|4825.50|1.00|2.90
14737.42|17937.97|3.10|2.90
8880.90|17015.51|2.90|2.90
0.00|0.00|17.70|2.90
0.00|0.00|0.60|2.90
30126.31|24680.90|2.70|2.90
8851.33|12719.14|2.70|2.90
0.00|0.00|20.10|2.90
0.00|0.00|0.00|2.90
13948.63|8098.01|2.10|2.90
11072.36|21214.27|2.90|2.90
10861.77|20810.78|3.10|2.90
2210.66|4235.54|18.70|2.90
23320.65|64323.38|0.00|2.90
13840.70|8035.35|1.70|2.90
4376.04|8384.34|10.10|2.90
0.00|0.00|4.90|2.90
0.00|0.00|0.20|2.90
10212.52|10323.12|2.50|2.90
87084.09|50426.82|3.10|2.90
3438.56|4237.80|19.40|2.90
0.00|0.00|0.20|2.90
1213.94|956.44|1.70|2.90
10993.59|21063.35|2.70|2.90
8791.93|21056.30|2.90|2.90
11015.82|16884.75|3.70|2.90
4420.63|8469.78|17.40|2.90
0.00|0.00|2.10|2.90
0.00|0.00|0.60|2.90
6551.91|12553.24|2.10|2.90
0.00|0.00|24.50|2.90
0.00|0.00|0.40|2.90
4368.59|8370.07|1.70|2.90
2197.43|4210.20|32.70|2.90
0.00|0.00|6.10|2.90
0.00|0.00|0.80|2.90
6563.97|12576.35|3.10|2.90
15493.47|32288.91|1.50|2.90
11941.75|25710.75|19.80|2.90
0.00|0.00|1.00|2.90
13795.18|40833.72|0.20|2.90
2196.59|8417.18|2.90|2.90
13190.22|21060.01|1.40|2.90
0.00|0.00|31.00|2.90
0.00|0.00|0.20|2.90
80288.76|38503.40|2.10|2.90
13153.31|25201.30|2.70|2.90
10935.11|20951.30|1.70|2.90
13182.96|25258.10|2.70|2.90
2204.47|4223.68|20.90|2.90
0.00|0.00|0.20|2.90
0.00|0.00|0.80|2.90
6568.43|12584.90|2.10|2.90
0.00|0.00|28.80|2.90
9567.68|23647.39|0.40|2.90
20226.77|53061.00|2.10|2.90
0.00|0.00|28.90|2.90
0.00|0.00|0.20|2.90
2181.27|4179.24|1.70|2.90
4398.50|8427.38|26.20|2.90
0.00|0.00|8.40|2.90
0.00|0.00|1.20|2.90
6556.70|12562.42|2.70|2.90
15446.82|29595.59|1.50|2.90
63555.08|46221.88|2.90|2.90
4621.47|4197.99|19.70|2.90
0.00|0.00|0.80|2.90
0.00|8544.49|1.20|2.90
36675.15|16431.06|1.50|2.90
0.00|0.00|36.80|2.90
0.00|0.00|0.20|2.90
4351.30|8336.94|1.90|2.90
2171.82|4161.14|28.60|2.90
0.00|0.00|1.50|2.90
0.00|0.00|1.30|2.90
11142.10|18619.03|3.20|2.90
6541.55|12533.38|1.70|2.90
0.00|0.00|32.50|2.90
0.00|0.00|0.00|2.90
4350.24|8334.91|2.10|2.90
24817.49|17392.51|1.90|2.90
6497.04|12448.11|1.70|2.90
0.00|0.00|21.40|2.90
0.00|0.00|0.20|2.90
4336.82|8309.20|3.10|2.90
10905.91|20895.36|1.50|2.90
10945.37|20970.97|1.90|2.90
10853.83|20795.58|2.90|2.90
0.00|0.00|29.50|2.90
0.00|0.00|0.40|2.90
26066.91|14038.84|3.20|2.90
2163.75|4145.67|20.80|2.90
0.00|0.00|3.20|2.90
0.00|0.00|1.00|2.90
6524.64|12501.00|2.30|2.90
0.00|0.00|17.30|2.90
0.00|0.00|0.40|2.90
7961.53|9276.28|3.40|2.90
10942.30|25158.10|1.70|2.90
10935.30|16761.34|1.90|2.90
0.00|0.00|33.10|2.90
0.00|0.00|0.40|2.90
0.00|0.00|7.30|2.90
10955.99|20991.31|2.10|2.90
4332.79|8301.48|23.10|2.90
0.00|0.00|2.50|2.90
0.00|0.00|0.20|2.90
193208.04|57903.78|3.50|2.90
46907.77|17344.67|1.50|2.90
0.00|0.00|32.60|2.90
0.00|0.00|0.60|2.90
4350.29|8335.02|1.90|2.90
3843.72|5590.86|35.10|2.90
0.00|0.00|1.90|2.90
11698.78|3790.26|0.80|2.90
126450.07|52417.18|2.30|2.90
229712.24|84352.63|1.90|2.90
340908.22|103661.58|2.90|2.90
21802.64|41514.87|1.70|2.90
18115.93|33782.28|2.10|3.00
19653.70|38684.05|22.50|3.00
29898.39|61563.99|0.00|3.00
13440.65|36054.50|1.70|2.90
22628.58|40760.94|21.10|3.00
1152.55|0.00|7.60|3.00
0.00|0.00|11.40|3.00
12020.88|1894.20|1.30|3.00
21094.16|42371.90|2.10|3.00
1203.41|948.14|34.00|3.00
7148.80|12781.18|0.40|3.00
10102.41|15290.14|2.50|3.00
6540.49|12531.36|1.50|3.00
2185.93|4188.17|30.20|3.00
7141.42|12767.99|0.20|3.00
124026.59|28386.37|2.10|3.00
10024.19|57557.09|4.00|2.90
16128.24|29187.02|1.90|3.00
25688.78|43233.67|24.20|3.00
11090.77|31370.02|0.20|3.00
120435.01|59817.27|1.30|3.00
26999.40|30101.30|1.90|3.00
21130.88|55521.42|31.40|3.00
9523.53|11255.08|0.40|3.00
95504.87|35067.05|1.50|3.00
144199.37|30126.85|1.90|3.00
708270.67|170450.35|2.10|3.00
71613.55|50105.97|34.30|3.00
27131.41|29597.90|37.90|3.00
3399.60|892.83|23.70|3.00
23367.72|47207.52|40.30|3.00
22337.51|7410.21|11.40|3.00
31823.60|57075.32|15.40|3.00
33388.10|17199.93|23.00|3.00
49712.93|49838.46|4.30|3.00
0.00|0.00|20.70|3.00
0.00|0.00|2.30|3.00
35873.53|36960.61|1.10|3.00
242620.33|35868.46|2.10|3.00
658859.12|215295.85|1.90|3.00
16685.70|11268.26|2.70|3.00
0.00|12822.13|1.70|3.00
32189.26|19364.13|6.60|3.00
0.00|0.00|22.10|3.00
24574.44|27872.31|26.60|3.00
23639.67|36534.03|28.90|3.00
19862.97|16769.27|35.20|3.00
0.00|0.00|35.00|3.10
44289.43|74204.21|11.90|3.00
124437.63|93584.30|10.40|3.00
3440.00|0.00|25.80|3.10
78578.49|75375.18|9.30|3.10
21319.20|62487.91|13.90|3.10
12206.47|864.76|32.20|3.10
15609.97|36971.92|7.40|3.10
2332.73|18626.51|61.70|3.10
12496.29|22026.79|61.40|3.10
3535.28|0.00|7.70|3.10
15311.39|37903.72|9.70|3.10
5688.15|0.00|34.90|3.10
0.00|0.00|92.70|3.10
1993.04|3818.61|96.00|3.10
1085.38|855.15|99.80|3.10
0.00|0.00|66.70|3.10
0.00|0.00|24.20|3.20
0.00|0.00|10.30|3.20
0.00|1975.90|26.10|3.10
4925.74|10238.51|7.80|3.10
2329.80|8313.14|23.40|3.20
8381.19|22022.19|10.50|3.20
0.00|0.00|9.70|3.20
0.00|0.00|34.70|3.10
8928.14|28704.62|79.70|3.10
11317.06|15640.79|41.70|3.20
204315.66|82261.99|16.90|3.20
48718.97|41754.07|12.10|3.20
23321.86|15019.07|12.70|3.20
4232.34|8109.02|30.60|3.20
0.00|0.00|99.70|3.20
2433.12|13267.08|74.90|3.20
14069.22|31047.61|61.60|3.20
24479.21|63109.70|42.30|3.20
6935.98|0.00|9.80|3.30
2240.87|7995.84|8.00|3.20
162272.14|74668.89|10.20|3.20
4273.53|8187.93|10.50|3.20
5615.56|10223.21|21.30|3.20
2226.42|7944.27|22.10|3.20
1162.84|916.18|8.70|3.30
17865.66|18556.20|46.90|3.30
7407.73|13048.48|94.00|3.30
10661.28|7668.05|82.40|3.30
0.00|0.00|81.30|3.30
0.00|0.00|17.90|3.30
7741.25|10866.16|15.20|3.30
81906.00|71761.35|60.80|3.30
4026.59|7714.81|59.70|3.30
4304.89|8248.03|17.70|3.30
4032.92|7726.94|71.30|3.30
2046.50|3921.02|83.80|3.30
0.00|0.00|50.00|3.30
0.00|0.00|2.20|3.30
6366.41|12197.82|2.30|3.30
0.00|0.00|21.60|3.30
0.00|0.00|0.40|3.30
3552.02|932.85|1.90|3.30
8520.97|16325.89|2.70|3.30
8617.55|16510.94|3.20|3.30
7796.81|14399.68|2.70|3.30
13678.73|33201.68|3.40|3.30
15511.65|43988.81|4.30|3.30
7251.08|14738.41|11.10|3.30
2340.19|0.00|0.20|3.30
61792.62|27072.42|1.10|3.30
108391.60|23715.72|2.30|3.30
5600.23|18649.49|15.60|3.30
2259.63|0.00|17.40|3.30
0.00|0.00|0.40|3.30
4286.65|8213.07|2.10|3.30
2145.94|8800.16|32.20|3.30
5500.25|0.00|0.40|3.30
4266.33|8174.14|2.30|3.30
2148.31|4116.08|18.60|3.30
0.00|0.00|8.10|3.30
0.00|0.00|0.90|3.30
151930.58|36364.87|2.60|3.30
4146.02|7943.63|20.40|3.30
0.00|0.00|13.70|3.30
0.00|0.00|0.20|3.30
31951.33|20054.94|2.30|3.30
8604.74|16486.39|1.10|3.30
10804.63|20701.31|1.70|3.30
107333.59|64908.61|2.60|3.30
310166.47|109675.41|2.80|3.40
115548.55|65212.71|1.90|3.30
16678.30|29818.78|35.60|3.30
2341.70|4186.68|0.20|3.30
20818.61|31066.66|2.10|3.30
22470.36|45577.02|14.30|3.40
25418.50|43469.32|4.10|3.40
0.00|0.00|0.60|3.30
13491.75|24940.93|1.70|3.40
0.00|0.00|39.70|3.40
8600.03|22614.91|0.00|3.40
25015.23|33520.41|1.50|3.40
151279.78|41890.09|3.00|3.40
38689.31|67769.51|1.70|3.40
11675.05|21148.63|34.50|3.40
0.00|0.00|1.50|3.40
2358.22|8432.41|1.30|3.40
11904.47|17021.77|2.60|3.40
0.00|0.00|33.70|3.40
0.00|0.00|0.00|3.40
46388.16|14798.68|1.30|3.40
140704.35|89612.39|2.60|3.40
27020.03|45509.32|1.90|3.40
10666.74|16349.69|2.60|3.40
17941.83|42659.27|26.70|3.40
5976.18|12146.85|0.40|3.40
55623.87|57893.13|2.10|3.40
8828.67|17404.58|1.90|3.40
23747.53|62699.92|26.00|3.40
6983.50|19763.98|10.70|3.40
9996.09|52015.35|0.40|3.40
266993.89|114684.71|4.50|3.30
17886.35|21514.16|1.90|3.30
11689.51|29169.82|15.10|3.40
0.00|0.00|11.10|3.40
0.00|0.00|0.80|3.40
4262.16|8166.15|2.10|3.40
2146.19|8801.18|35.00|3.40
6994.13|918.42|0.90|3.40
27206.10|34765.34|1.90|3.40
90015.05|57389.75|3.00|3.40
13139.76|29668.09|30.40|3.40
6817.99|895.29|2.80|3.40
45396.56|19440.41|1.30|3.40
102844.85|97095.43|0.90|3.40
3533.71|928.05|0.60|3.40
0.00|0.00|0.60|3.40
98211.83|95111.71|0.20|3.40
0.00|0.00|0.20|3.40
10621.98|12088.31|0.40|3.40
3545.16|5586.32|8.10|3.40
0.00|0.00|0.40|3.40
100517.95|98063.23|0.20|3.40
0.00|0.00|0.00|3.40
95890.10|96302.65|0.60|3.40
3548.09|2007.00|0.40|3.40
99392.28|94246.97|0.40|3.40
99318.84|96183.77|0.40|3.40
3545.80|931.22|0.20|3.40
0.00|0.00|0.40|3.40
19091.85|32244.42|0.40|3.40
183489.58|161428.47|0.90|3.40
0.00|0.00|0.60|3.40
0.00|0.00|0.60|3.40
99028.68|95902.77|0.20|3.40
6198.60|33268.22|0.60|3.40
96686.05|74288.43|0.40|3.40
198906.14|176303.17|0.20|3.40
99402.90|97197.53|0.60|3.40
62099.35|62403.93|0.00|3.40
39958.73|34757.64|0.90|3.40
98040.81|94946.09|0.40|3.40
0.00|0.00|0.60|3.40
98509.00|96232.69|0.20|3.40
3549.80|932.27|0.60|3.40
99119.44|95990.67|0.20|3.40
0.00|0.00|0.40|3.40
99306.11|96171.45|0.20|3.40
0.00|0.00|0.00|3.40
0.00|0.00|0.40|3.40
3550.23|932.38|0.20|3.40
0.00|0.00|0.20|3.40
0.00|0.00|0.00|3.40
0.00|0.00|0.20|3.40
86659.69|88940.21|0.40|3.40
99958.99|102150.60|0.60|3.40
15112.56|1849.07|0.20|3.40
0.00|0.00|0.40|3.40
0.00|0.00|0.00|3.40
3554.05|933.39|0.60|3.40
0.00|0.00|0.20|3.40
0.00|0.00|0.20|3.40
0.00|0.00|0.20|3.40
211710.49|56737.55|0.90|3.40
906693.66|440411.92|1.10|3.40
0.00|0.00|0.40|3.40
0.00|0.00|0.40|3.40
145310.80|60937.37|0.70|3.40
1089863.31|562058.98|0.70|3.40
83642.61|67613.79|0.40|3.40
0.00|0.00|0.40|3.40
0.00|0.00|0.20|3.40
98557.86|96280.41|0.40|3.40
0.00|0.00|0.40|3.40
0.00|0.00|0.20|3.40
0.00|0.00|0.50|3.40
0.00|0.00|0.00|3.40
0.00|0.00|0.40|3.40
79241.27|88756.68|0.40|3.40
119469.08|103679.67|0.40|3.40
101210.11|97176.76|0.40|3.40
0.00|0.00|0.40|3.40
0.00|0.00|0.20|3.40
0.00|0.00|15.20|3.30
22299.98|55891.30|0.70|3.30
173860.28|134031.31|0.60|3.30
66754.84|79112.88|0.20|3.30
31414.53|16779.43|0.20|3.30
67333.76|78192.89|0.20|3.30
31761.33|17742.66|0.20|3.30
0.00|0.00|0.40|3.30
0.00|2007.49|0.20|3.30
98514.90|94230.86|0.20|3.30
0.00|0.00|0.40|3.30
0.00|0.00|0.20|3.30
0.00|0.00|0.20|3.30
0.00|0.00|0.00|3.30
0.00|0.00|0.20|3.30
104519.61|84632.34|1.10|3.30
240158.26|70137.85|1.50|3.30
190415.19|49262.34|2.80|3.30
