0.00|0.00|25.00|1.10
0.00|0.00|30.50|1.10
0.00|0.00|29.50|1.10
0.00|0.00|1.90|1.10
0.00|0.00|36.10|1.10
0.00|0.00|2.50|1.10
0.00|0.00|1.20|1.10
0.00|0.00|39.90|1.10
0.00|0.00|30.50|1.10
0.00|0.00|23.40|1.10
0.00|0.00|1.60|1.10
0.00|0.00|0.80|1.10
0.00|0.00|16.10|1.10
0.00|0.00|8.00|1.10
0.00|0.00|3.30|1.10
0.00|0.00|51.80|1.10
0.00|0.00|6.20|1.10
0.00|0.00|5.20|1.10
0.00|0.00|3.70|1.10
0.00|0.00|7.20|1.10
0.00|0.00|7.00|1.10
0.00|0.00|29.10|1.10
0.00|0.00|15.80|1.10
0.00|0.00|53.40|1.10
0.00|0.00|29.20|1.10
0.00|0.00|37.50|1.20
0.00|0.00|16.80|1.20
0.00|0.00|23.40|1.20
0.00|0.00|34.00|1.20
0.00|0.00|74.80|1.20
0.00|0.00|62.10|1.20
0.00|0.00|9.40|1.20
0.00|0.00|32.10|1.20
0.00|0.00|36.80|1.20
9226.56|14401.96|24.20|1.20
0.00|0.00|99.60|1.20
0.00|0.00|81.60|1.20
0.00|0.00|13.80|1.20
0.00|0.00|11.50|1.20
11690.03|22397.70|42.90|1.20
4667.16|8942.12|78.60|1.20
0.00|0.00|80.50|1.20
0.00|0.00|21.40|1.20
0.00|0.00|60.80|1.20
0.00|0.00|85.60|1.20
0.00|0.00|72.70|1.30
6924.65|13267.41|91.60|1.30
6929.20|13276.12|89.00|1.30
0.00|0.00|70.50|1.30
0.00|0.00|15.40|1.30
0.00|0.00|25.80|1.30
0.00|0.00|7.40|1.30
0.00|0.00|7.60|1.30
0.00|0.00|9.00|1.30
2321.63|4448.16|18.50|1.30
2327.90|4460.17|53.10|1.30
0.00|0.00|64.10|1.30
0.00|0.00|96.00|1.30
0.00|0.00|54.00|1.30
0.00|0.00|88.40|1.30
0.00|0.00|84.50|1.30
0.00|0.00|33.90|1.40
0.00|0.00|9.00|1.40
0.00|0.00|8.60|1.40
4565.45|8747.25|28.30|1.40
0.00|0.00|22.50|1.40
0.00|0.00|75.20|1.40
0.00|0.00|57.40|1.40
0.00|0.00|40.80|1.40
2296.21|4399.46|90.90|1.40
0.00|0.00|80.90|1.40
0.00|0.00|59.10|1.40
0.00|0.00|12.00|1.40
0.00|0.00|35.60|1.40
0.00|0.00|10.90|1.40
0.00|0.00|10.80|1.40
0.00|0.00|52.60|1.40
0.00|0.00|94.80|1.40
0.00|0.00|88.10|1.40
0.00|0.00|36.00|1.40
2318.58|4442.31|12.00|1.50
0.00|0.00|9.30|1.50
9257.58|17737.20|30.10|1.50
6382.60|10352.27|33.70|1.50
0.00|0.00|68.10|1.50
0.00|0.00|72.00|1.50
0.00|0.00|36.10|1.50
0.00|0.00|34.50|1.50
0.00|0.00|86.10|1.50
0.00|0.00|91.70|1.50
0.00|0.00|73.10|1.50
0.00|0.00|56.40|1.50
0.00|0.00|29.90|1.50
0.00|0.00|73.50|1.50
2285.46|4378.87|52.90|1.50
11537.73|22105.90|14.70|1.50
0.00|0.00|40.00|1.50
0.00|0.00|73.40|1.60
2280.63|4369.61|60.60|1.60
0.00|0.00|35.00|1.60
0.00|0.00|8.70|1.60
0.00|0.00|29.50|1.60
0.00|0.00|94.70|1.60
0.00|0.00|81.00|1.60
0.00|0.00|11.80|1.60
0.00|0.00|6.30|1.60
4621.29|8854.23|44.40|1.60
2274.12|4357.14|85.00|1.60
0.00|0.00|54.90|1.60
0.00|0.00|27.00|1.60
0.00|0.00|45.20|1.60
0.00|0.00|84.40|1.60
0.00|0.00|38.30|1.60
0.00|0.00|9.70|1.60
0.00|0.00|8.10|1.60
0.00|0.00|22.10|1.70
0.00|0.00|91.10|1.70
0.00|0.00|89.80|1.70
0.00|0.00|15.90|1.70
0.00|0.00|8.30|1.70
0.00|0.00|21.10|1.70
0.00|0.00|76.40|1.70
0.00|0.00|41.20|1.70
0.00|0.00|5.30|1.70
0.00|0.00|13.30|1.70
0.00|0.00|6.00|1.70
4589.14|8792.65|53.30|1.70
4534.34|8687.65|82.00|1.70
0.00|0.00|80.60|1.70
2241.71|4295.05|76.10|1.70
2292.34|4392.04|35.70|1.70
2287.98|4383.69|39.40|1.70
0.00|0.00|26.30|1.70
0.00|0.00|8.50|1.70
0.00|0.00|7.50|1.70
0.00|0.00|6.50|1.70
0.00|0.00|46.40|1.80
0.00|0.00|74.70|1.70
0.00|0.00|39.10|1.70
0.00|0.00|7.90|1.80
0.00|0.00|7.40|1.80
0.00|0.00|31.50|1.80
0.00|0.00|74.00|1.80
0.00|0.00|53.30|1.80
2282.11|4372.44|36.50|1.80
2254.87|4320.25|34.90|1.80
2276.36|4361.43|88.20|1.80
2210.09|4234.46|98.80|1.80
0.00|0.00|38.40|1.80
0.00|0.00|16.00|1.80
0.00|0.00|53.60|1.80
0.00|0.00|99.60|1.80
0.00|0.00|42.20|1.80
0.00|0.00|8.30|1.80
0.00|0.00|7.80|1.80
0.00|0.00|11.00|1.80
0.00|0.00|22.90|1.90
0.00|0.00|10.70|1.90
0.00|0.00|34.80|1.90
0.00|0.00|65.70|1.90
4477.36|8578.46|84.60|1.90
0.00|0.00|25.50|1.90
0.00|0.00|42.00|1.90
0.00|0.00|96.70|1.90
0.00|0.00|81.40|1.90
0.00|0.00|34.70|1.90
0.00|0.00|38.20|1.90
0.00|0.00|100.00|1.90
0.00|0.00|82.70|1.90
0.00|0.00|22.70|1.90
0.00|0.00|9.50|1.90
0.00|0.00|54.80|1.90
4463.38|8551.69|49.10|1.90
0.00|0.00|30.20|2.00
0.00|0.00|10.00|2.00
0.00|0.00|25.10|2.00
2278.47|4365.48|15.20|2.00
0.00|0.00|87.90|2.00
0.00|0.00|100.00|2.00
0.00|0.00|60.40|2.00
0.00|0.00|15.10|2.00
0.00|0.00|32.70|2.00
0.00|0.00|80.60|2.00
0.00|0.00|39.10|2.00
0.00|0.00|24.40|2.00
0.00|0.00|90.90|2.00
0.00|0.00|87.90|2.00
0.00|0.00|50.90|2.00
0.00|0.00|75.80|2.10
6695.85|12829.03|29.10|2.10
0.00|0.00|21.40|2.10
0.00|0.00|8.60|2.10
4555.78|8728.72|27.50|2.10
6726.41|12887.58|94.00|2.10
4515.86|8652.24|85.50|2.10
0.00|0.00|33.90|2.10
0.00|0.00|7.70|2.10
5930.21|5238.04|8.30|2.10
11228.04|21512.54|9.20|2.10
13738.32|26322.15|14.30|2.10
6728.80|12892.15|84.10|2.10
0.00|0.00|95.30|2.10
0.00|0.00|35.30|2.10
0.00|0.00|5.60|2.10
6845.26|13115.29|6.50|2.10
9187.50|17602.93|65.60|2.10
0.00|0.00|70.80|2.10
0.00|0.00|63.40|2.10
0.00|0.00|56.90|2.10
6841.13|13107.38|5.20|2.10
0.00|0.00|59.10|2.10
0.00|0.00|100.00|2.10
0.00|0.00|55.10|2.10
15278.85|22966.44|4.00|2.10
0.00|0.00|22.30|2.10
0.00|0.00|0.00|2.10
6897.06|13214.54|1.20|2.10
0.00|0.00|26.00|2.10
0.00|0.00|0.00|2.10
0.00|0.00|1.00|2.10
13761.99|26367.51|1.20|2.10
20704.26|39668.66|2.40|2.10
16129.41|30903.40|1.80|2.20
0.00|0.00|18.60|2.20
0.00|0.00|0.00|2.20
2296.85|4400.69|0.60|2.10
4584.25|8783.28|25.70|2.20
0.00|0.00|3.40|2.20
0.00|0.00|0.20|2.20
18338.90|16198.39|1.20|2.20
0.00|0.00|38.30|2.20
0.00|0.00|0.20|2.20
0.00|0.00|0.60|2.20
11466.59|21969.59|1.60|2.20
16119.36|35296.17|2.00|2.20
13391.16|21380.85|13.40|2.20
0.00|0.00|10.70|2.20
0.00|0.00|0.00|2.20
6864.59|17536.44|1.40|2.20
6767.30|8643.95|16.80|2.20
0.00|0.00|4.60|2.20
0.00|0.00|0.40|2.20
7700.89|13741.94|9.00|2.20
0.00|0.00|10.60|2.20
0.00|0.00|0.40|2.20
16055.36|30761.53|2.20|2.20
13778.26|26398.69|1.40|2.20
22922.64|43919.01|3.00|2.20
2297.32|4401.58|24.80|2.20
0.00|0.00|0.80|2.20
2291.03|4389.54|0.80|2.20
4536.90|8692.54|23.30|2.20
0.00|0.00|3.40|2.20
0.00|0.00|0.00|2.20
10698.72|14187.86|1.60|2.20
0.00|0.00|23.50|2.20
0.00|0.00|0.00|2.20
4573.52|8762.71|1.60|2.20
2296.54|4400.09|33.60|2.20
0.00|0.00|1.60|2.20
0.00|0.00|0.00|2.20
6881.19|13184.12|1.60|2.20
0.00|0.00|32.70|2.20
0.00|0.00|0.00|2.20
4574.36|8764.32|1.80|2.20
13759.21|26362.18|1.60|2.20
0.00|0.00|28.20|2.20
0.00|0.00|0.00|2.20
10639.21|14108.94|2.00|2.20
6848.99|13122.43|1.60|2.20
0.00|0.00|37.60|2.20
0.00|0.00|0.00|2.20
4556.76|8730.59|2.20|2.20
9140.80|21891.84|1.20|2.20
16060.31|30771.01|1.80|2.20
6811.91|8700.93|16.70|2.20
0.00|0.00|23.30|2.20
0.00|0.00|0.60|2.20
11437.42|21913.71|1.80|2.20
2285.67|4379.27|17.50|2.20
0.00|0.00|1.00|2.20
2281.75|4371.76|0.60|2.20
4575.68|8766.85|21.80|2.20
0.00|0.00|7.40|2.20
0.00|0.00|0.20|2.20
15981.89|11755.91|2.40|2.20
6843.20|13111.33|9.50|2.20
0.00|0.00|10.10|2.20
0.00|0.00|0.40|2.20
6864.03|13151.24|1.60|2.20
0.00|0.00|23.90|2.20
0.00|0.00|0.00|2.20
4563.59|8743.69|2.20|2.20
18300.29|35062.75|2.00|2.20
23607.21|32654.40|2.60|2.20
2279.98|4368.37|31.70|2.20
0.00|0.00|1.60|2.20
0.00|0.00|0.80|2.20
6861.51|13146.42|7.80|2.20
0.00|0.00|22.90|2.20
0.00|0.00|0.00|2.20
6865.35|13153.77|2.00|2.20
0.00|0.00|16.10|2.20
0.00|0.00|0.00|2.20
6857.08|13137.93|1.80|2.20
22815.78|24869.01|2.20|2.20
18281.52|35026.79|1.60|2.20
13732.52|26311.05|2.00|2.20
0.00|0.00|24.50|2.20
0.00|0.00|0.20|2.20
11415.66|21872.01|2.00|2.20
4559.30|8735.46|17.20|2.20
0.00|0.00|3.90|2.20
0.00|0.00|0.60|2.20
6764.73|12961.00|15.20|2.20
0.00|0.00|9.40|2.20
0.00|0.00|0.20|2.20
16663.93|19415.77|2.60|2.20
2281.53|4371.34|17.40|2.20
796.49|530.99|0.40|2.20
4541.02|8700.45|1.00|2.20
9087.80|17411.91|1.20|2.20
0.00|0.00|22.80|2.20
0.00|0.00|0.00|2.20
6786.32|13002.35|2.50|2.20
24917.22|29031.99|2.40|2.20
6785.02|12999.88|11.20|2.20
0.00|0.00|7.00|2.20
0.00|0.00|0.20|2.20
11410.59|21862.31|2.40|2.20
15973.44|30604.58|2.40|2.20
0.00|0.00|33.30|2.20
0.00|0.00|0.00|2.20
0.00|0.00|1.00|2.20
6851.09|13126.45|1.60|2.20
0.00|0.00|29.20|2.20
0.00|0.00|0.00|2.20
6825.35|13077.15|1.40|2.20
0.00|0.00|26.60|2.20
0.00|0.00|0.00|2.20
6825.60|13077.62|2.60|2.20
11381.87|21807.27|1.60|2.20
0.00|0.00|34.70|2.20
0.00|0.00|0.20|2.20
18068.50|15959.55|2.60|2.20
18137.37|34750.58|2.40|2.20
4534.53|8688.00|17.30|2.20
0.00|0.00|6.70|2.20
0.00|0.00|0.60|2.20
9048.95|17337.49|1.60|2.20
4542.20|8702.71|16.90|2.20
0.00|0.00|10.80|2.20
0.00|0.00|0.20|2.20
23903.25|21113.28|2.40|2.20
2258.21|4326.65|25.90|2.20
0.00|0.00|1.40|2.20
4487.20|8597.32|1.80|2.20
2273.23|4355.44|28.10|2.20
0.00|0.00|0.80|2.20
0.00|0.00|0.80|2.20
15872.00|30410.21|2.00|2.20
15903.79|30471.12|2.60|2.20
15851.04|30370.07|2.00|2.20
2268.68|4346.71|34.90|2.20
0.00|0.00|1.80|2.20
0.00|0.00|1.00|2.20
6810.55|13048.78|13.50|2.20
0.00|0.00|15.60|2.20
13493.08|7266.96|1.40|2.20
4525.40|8670.51|17.90|2.20
0.00|0.00|6.70|2.20
0.00|0.00|0.80|2.20
13534.11|25930.90|3.10|2.20
13561.26|25982.92|2.00|2.20
0.00|0.00|31.20|2.20
0.00|0.00|0.20|2.20
0.00|0.00|1.00|2.20
6781.64|12993.40|8.60|2.20
0.00|0.00|13.40|2.20
0.00|0.00|0.60|2.20
6775.97|17310.03|1.60|2.20
11305.04|17328.07|1.60|2.20
0.00|0.00|19.60|2.20
0.00|0.00|0.40|2.20
27839.86|22256.69|2.20|2.20
15853.13|30374.06|2.40|2.20
4520.89|8661.87|18.70|2.20
0.00|0.00|4.00|2.20
0.00|0.00|1.00|2.20
6770.48|12972.02|4.70|2.20
1662.24|1403.67|22.60|2.20
0.00|0.00|0.80|2.20
18271.49|26542.14|2.40|2.20
5767.92|8651.88|14.00|2.20
0.00|0.00|19.80|2.20
0.00|0.00|0.20|2.20
6761.62|12955.03|2.00|2.20
28483.15|29807.06|2.80|2.20
0.00|0.00|27.00|2.20
0.00|0.00|0.20|2.20
2242.45|4296.46|1.20|2.20
4518.72|8657.72|24.40|2.20
0.00|0.00|10.40|2.20
0.00|0.00|0.80|2.20
22425.60|5889.55|2.00|2.20
3713.50|975.26|0.40|2.20
0.00|0.00|0.00|2.20
0.00|0.00|0.40|2.20
0.00|0.00|0.20|2.20
3749.95|984.84|0.00|2.20
0.00|0.00|0.40|2.20
0.00|0.00|0.20|2.20
0.00|0.00|0.00|2.20
3748.51|984.46|0.80|2.20
0.00|0.00|0.00|2.20
0.00|0.00|0.20|2.20
3752.68|985.55|0.40|2.20
0.00|0.00|0.20|2.20
0.00|0.00|0.20|2.20
0.00|0.00|0.40|2.20
0.00|0.00|0.00|2.20
0.00|0.00|0.00|2.20
3717.91|976.42|0.60|2.20
0.00|0.00|0.20|2.20
0.00|0.00|0.20|2.20
3749.21|984.64|0.20|2.20
0.00|0.00|0.20|2.20
0.00|0.00|0.40|2.20
3744.32|983.36|0.60|2.20
0.00|0.00|0.40|2.20
0.00|0.00|0.00|2.20
1696.66|0.00|0.20|2.20
0.00|1435.25|0.00|2.20
23054.36|6889.81|1.20|2.20
17921.79|5898.31|1.40|2.20
0.00|0.00|26.70|2.20
0.00|0.00|28.60|2.20
19719.25|5804.16|40.70|2.20
20543.65|6761.20|28.50|2.20
0.00|0.00|33.50|2.20
19101.63|5622.37|5.80|2.20
20554.12|6764.65|2.60|2.20
0.00|0.00|23.30|2.20
0.00|0.00|30.20|2.20
0.00|0.00|0.40|2.20
3733.92|980.63|1.80|2.20
0.00|0.00|29.90|2.20
0.00|0.00|26.40|2.20
22441.53|5786.58|5.10|2.20
17637.04|5804.60|4.70|2.20
0.00|0.00|25.70|2.20
0.00|0.00|45.30|2.20
3503.75|920.18|22.90|2.20
0.00|0.00|11.40|2.20
0.00|0.00|5.80|2.20
0.00|0.00|5.40|2.20
0.00|0.00|5.80|2.20
25601.46|9674.97|7.50|2.20
14570.47|2877.21|53.10|2.20
0.00|0.00|8.90|2.20
28353.38|8650.18|8.70|2.20
11656.79|3836.41|8.40|2.30
0.00|0.00|8.70|2.30
0.00|0.00|9.80|2.30
0.00|0.00|85.20|2.30
4180.13|8008.99|69.40|2.30
0.00|0.00|28.80|2.30
0.00|0.00|95.60|2.30
0.00|0.00|78.30|2.30
2195.89|4207.26|48.60|2.30
4273.14|8187.20|33.10|2.30
0.00|0.00|71.40|2.30
0.00|0.00|95.60|2.30
0.00|0.00|30.80|2.30
0.00|0.00|24.90|2.30
0.00|0.00|10.10|2.30
0.00|0.00|29.60|2.40
0.00|0.00|15.80|2.30
0.00|0.00|11.30|2.30
0.00|0.00|10.50|2.40
0.00|0.00|75.50|2.40
0.00|0.00|95.00|2.40
2111.08|8089.51|83.80|2.40
2105.07|0.00|78.10|2.40
0.00|0.00|28.40|2.40
0.00|0.00|25.80|2.40
0.00|0.00|85.20|2.40
0.00|0.00|94.50|2.40
0.00|0.00|93.90|2.40
0.00|0.00|18.40|2.40
0.00|0.00|37.80|2.40
0.00|0.00|30.50|2.40
0.00|0.00|62.50|2.40
0.00|0.00|69.70|2.50
0.00|0.00|11.50|2.50
0.00|0.00|10.90|2.40
6594.56|12634.95|53.20|2.50
0.00|0.00|47.60|2.50
0.00|0.00|90.90|2.50
0.00|0.00|81.00|2.50
0.00|0.00|40.30|2.50
0.00|0.00|40.20|2.50
0.00|0.00|44.20|2.50
0.00|0.00|75.30|2.50
0.00|0.00|85.00|2.60
0.00|0.00|99.50|2.60
2057.04|3941.22|72.00|2.60
0.00|0.00|81.40|2.60
0.00|0.00|54.30|2.60
0.00|0.00|56.20|2.60
0.00|0.00|70.70|2.60
0.00|0.00|9.30|2.60
0.00|0.00|25.90|2.60
0.00|0.00|28.00|2.60
0.00|0.00|23.30|2.60
0.00|0.00|74.00|2.60
0.00|0.00|35.70|2.60
0.00|0.00|7.70|2.60
2172.36|4162.17|45.20|2.60
2158.62|4135.84|75.90|2.60
6317.68|12104.47|99.10|2.60
2096.66|4017.13|64.20|2.60
0.00|0.00|38.80|2.70
0.00|0.00|18.70|2.70
0.00|0.00|12.70|2.70
0.00|0.00|11.40|2.70
0.00|0.00|22.60|2.70
0.00|0.00|75.20|2.70
0.00|0.00|37.50|2.70
0.00|0.00|9.40|2.70
0.00|0.00|8.70|2.70
0.00|0.00|24.70|2.70
0.00|0.00|30.70|2.70
0.00|0.00|19.60|2.70
0.00|0.00|82.70|2.70
4116.39|7886.86|65.50|2.70
0.00|0.00|47.30|2.70
0.00|0.00|17.10|2.70
0.00|0.00|12.10|2.70
2162.26|4142.81|54.50|2.80
0.00|0.00|100.00|2.80
0.00|0.00|94.00|2.80
0.00|0.00|78.80|2.80
0.00|0.00|33.20|2.80
0.00|0.00|9.70|2.80
0.00|0.00|8.80|2.80
0.00|0.00|48.00|2.80
0.00|0.00|9.60|2.80
0.00|0.00|13.50|2.80
0.00|0.00|9.90|2.80
0.00|0.00|50.50|2.80
6797.67|8900.05|80.60|2.80
0.00|0.00|60.50|2.80
2052.23|3932.00|29.20|2.80
2072.24|3970.35|95.50|2.80
0.00|0.00|77.70|2.90
2155.25|4129.39|59.80|2.90
0.00|0.00|85.70|2.90
0.00|0.00|25.00|2.90
0.00|0.00|9.10|2.90
0.00|0.00|49.40|2.90
0.00|0.00|78.80|2.90
0.00|0.00|9.20|2.90
0.00|0.00|5.50|2.90
2122.19|4066.05|50.30|2.90
0.00|0.00|48.20|2.90
0.00|0.00|78.40|2.90
0.00|0.00|84.10|2.90
0.00|0.00|53.60|3.00
0.00|0.00|10.20|3.00
2153.36|4125.76|34.70|3.00
0.00|0.00|26.60|3.00
0.00|0.00|9.50|3.00
0.00|0.00|40.10|3.00
0.00|0.00|72.50|3.00
0.00|0.00|54.20|3.00
0.00|0.00|73.00|3.00
0.00|0.00|22.90|3.00
0.00|0.00|34.90|3.00
0.00|0.00|9.10|3.00
0.00|0.00|6.30|3.00
0.00|0.00|5.90|3.00
23246.01|64117.51|7.40|3.00
0.00|0.00|10.20|3.00
6470.01|12396.31|86.20|3.00
0.00|0.00|99.80|3.00
0.00|0.00|39.90|3.10
0.00|0.00|12.00|3.10
2142.40|4104.77|45.30|3.10
0.00|0.00|38.50|3.10
0.00|0.00|80.60|3.10
0.00|0.00|68.40|3.10
0.00|0.00|58.40|3.10
0.00|0.00|11.10|3.10
0.00|0.00|12.90|3.10
0.00|0.00|10.40|3.10
0.00|0.00|9.70|3.10
0.00|0.00|12.10|3.10
6525.07|12501.81|12.00|3.10
0.00|0.00|30.10|3.10
0.00|0.00|44.90|3.10
0.00|0.00|90.10|3.10
0.00|3888.18|72.30|3.10
65178.90|33706.00|75.20|3.20
13268.21|3923.67|96.80|3.20
13864.27|31873.34|61.60|3.20
0.00|0.00|100.00|3.20
2252.31|8036.63|22.60|3.20
17631.41|39874.11|8.80|3.20
6529.99|16681.66|20.20|3.20
67740.69|41194.13|73.00|3.20
6487.79|7995.76|37.00|3.20
0.00|0.00|23.20|3.20
0.00|0.00|94.10|3.20
0.00|0.00|80.00|3.20
13926.20|7957.83|5.20|3.20
10918.13|20918.76|5.70|3.20
4366.12|8365.35|11.80|3.20
0.00|0.00|52.00|3.20
0.00|0.00|67.00|3.20
4387.40|9788.63|9.30|3.20
4363.95|4180.59|16.50|3.20
22734.90|62707.76|3.30|3.20
0.00|0.00|0.80|3.20
87777.73|45356.72|3.10|3.20
8753.46|16771.33|2.70|3.20
0.00|0.00|23.80|3.20
0.00|0.00|0.20|3.20
10865.60|7609.58|1.00|3.20
10178.21|12543.96|2.50|3.20
6548.84|12547.36|3.10|3.20
0.00|0.00|26.00|3.20
0.00|0.00|0.20|3.20
0.00|0.00|1.50|3.20
4359.66|8352.96|2.90|3.20
11027.50|21128.31|2.70|3.20
10964.71|21008.01|3.10|3.20
0.00|0.00|22.30|3.20
0.00|0.00|0.20|3.20
2170.07|4157.78|1.70|3.20
4192.14|8031.99|13.90|3.20
0.00|0.00|8.30|3.20
0.00|0.00|1.30|3.20
6571.95|12591.64|2.50|3.20
8773.27|21011.61|3.10|3.20
6585.97|8412.33|2.90|3.20
11018.05|21110.22|2.90|3.20
0.00|952.76|28.70|3.20
1196.67|0.00|0.40|3.20
2172.92|8326.49|2.90|3.20
4294.84|4114.38|26.40|3.20
0.00|0.00|19.10|3.20
1201.81|946.88|1.50|3.20
6555.67|12560.44|2.70|3.20
0.00|0.00|18.20|3.20
0.00|0.00|0.20|3.20
2176.23|4169.58|1.70|3.20
4316.38|8270.03|17.50|3.20
0.00|0.00|7.60|3.20
0.00|0.00|1.30|3.20
10922.33|20926.82|2.70|3.20
10929.65|20940.84|3.30|3.20
8744.83|16754.80|2.70|3.20
10966.58|21011.61|2.90|3.20
8767.99|16799.17|3.60|3.20
2174.57|4166.40|25.50|3.20
0.00|0.00|1.50|3.20
0.00|0.00|1.00|3.20
6504.46|12462.33|2.90|3.20
0.00|0.00|24.90|3.20
0.00|0.00|0.40|3.20
0.00|0.00|0.60|3.20
6520.86|12493.76|1.70|3.20
0.00|0.00|29.90|3.20
0.00|0.00|0.00|3.30
4321.78|8280.38|2.70|3.20
4323.86|8284.36|22.00|3.30
0.00|0.00|10.80|3.30
0.00|11335.76|1.00|3.20
13717.95|12460.93|1.90|3.20
0.00|0.00|38.60|3.30
0.00|0.00|0.00|3.30
5850.71|13118.67|1.00|3.20
59860.06|50925.17|2.50|3.20
19973.40|55593.23|1.50|3.20
53887.30|39277.20|3.10|3.20
15282.44|20914.74|2.30|3.20
4359.32|10403.75|1.90|3.30
5048.69|10494.05|18.40|3.30
7438.21|21050.87|1.00|3.30
16370.09|42169.79|1.70|3.20
0.00|0.00|27.50|3.20
0.00|0.00|0.40|3.20
10805.61|2837.84|1.30|3.20
10154.86|15369.51|1.70|3.20
0.00|0.00|31.50|3.20
0.00|0.00|0.20|3.20
79069.53|33824.59|2.70|3.20
8749.01|16762.81|1.50|3.20
2180.12|4177.03|25.60|3.30
0.00|0.00|1.00|3.30
0.00|0.00|0.80|3.20
12255.56|18556.85|2.90|3.20
20231.97|35840.00|39.90|3.20
13618.05|23655.25|3.20|3.20
22728.28|58954.72|18.90|3.20
2273.39|8111.87|13.70|3.20
0.00|0.00|0.20|3.30
115032.81|79140.55|4.20|3.30
8296.24|14722.65|1.50|3.30
0.00|0.00|0.80|3.20
23028.55|21420.21|2.90|3.30
16187.44|40239.97|37.30|3.30
10789.97|35757.45|1.90|3.30
0.00|0.00|1.70|3.30
4292.62|12336.77|2.30|3.30
2176.11|0.00|25.00|3.30
0.00|5603.06|1.30|3.30
29111.12|20582.89|2.40|3.30
135808.66|40661.06|3.40|3.30
13614.72|42255.10|2.70|3.30
13439.61|16563.42|3.60|3.30
0.00|0.00|23.20|3.30
0.00|0.00|1.30|3.30
23671.71|5663.78|2.50|3.30
29096.16|76366.01|2.80|3.30
0.00|0.00|32.60|3.30
0.00|0.00|1.10|3.30
254801.28|53108.51|3.80|3.30
74089.50|18073.27|37.40|3.30
0.00|0.00|78.60|3.30
0.00|0.00|5.90|3.30
0.00|1879.46|2.30|3.30
172189.67|62167.56|1.50|3.30
22881.53|46090.45|2.10|3.30
297803.69|102687.16|2.70|3.30
240589.98|96504.06|2.30|3.30
16595.13|38527.65|26.80|3.30
31386.40|68231.30|1.50|3.30
22991.61|54274.69|0.80|3.30
35524.18|50717.71|1.90|3.30
8541.74|19173.48|27.70|3.30
8680.60|39652.15|10.20|3.30
30660.25|12191.96|1.90|3.30
6500.88|15296.18|2.10|3.30
14321.20|25604.57|24.20|3.30
0.00|0.00|0.20|3.30
4299.98|8238.61|2.10|3.30
10870.43|20827.37|1.70|3.30
210765.31|72546.36|3.00|3.30
16448.75|46367.05|19.90|3.30
16043.25|24585.77|0.60|3.30
11886.42|18874.20|0.90|3.30
13630.04|18028.57|1.90|3.30
5095.92|12630.60|31.80|3.30
4720.74|3719.37|0.20|3.30
6920.40|14509.35|2.30|3.30
24702.77|51170.01|1.30|3.30
99456.97|48305.59|2.70|3.30
20998.41|46991.22|1.50|3.30
7473.86|21151.75|32.20|3.30
0.00|0.00|0.40|3.30
16234.36|17644.47|1.70|3.30
18329.09|41973.07|1.70|3.30
8653.48|20361.14|2.50|3.30
29229.67|25297.35|2.50|3.30
1199.57|0.00|26.50|3.30
8558.71|8666.14|0.20|3.30
69480.92|44249.71|1.70|3.30
32781.95|75685.36|22.70|3.30
0.00|0.00|2.60|3.30
2366.54|8444.26|1.00|3.30
8883.39|23816.20|1.90|3.30
3589.07|0.00|37.60|3.30
0.00|0.00|0.00|3.30
149680.60|60543.34|2.60|3.30
13100.56|29030.25|1.50|3.30
20388.07|21183.35|2.50|3.30
5505.86|8258.79|13.20|3.30
0.00|5447.99|24.20|3.30
7090.78|0.00|0.60|3.30
11421.45|10088.35|2.10|3.30
2162.12|4142.54|29.20|3.30
7340.74|22770.53|0.90|3.30
21595.18|22588.27|1.70|3.30
8685.41|16640.95|2.30|3.30
8700.62|16670.10|2.20|3.30
0.00|0.00|24.00|3.30
0.00|0.00|0.80|3.30
38695.10|12143.86|20.20|3.30
6149.42|11782.09|13.20|3.30
12820.30|24563.27|1.70|3.30
6450.38|12358.72|4.00|3.30
2151.69|4122.56|0.60|3.30
0.00|0.00|1.50|3.30
4321.70|8280.24|3.20|3.30
0.00|0.00|32.80|3.30
6288.60|14335.89|1.10|3.30
0.00|0.00|40.10|3.30
14657.84|39134.83|4.50|3.30
3691.05|10446.03|37.30|3.30
0.00|0.00|1.30|3.30
2131.29|6877.43|2.40|3.30
7840.59|8200.25|3.40|3.30
3684.86|10428.52|17.70|3.30
0.00|0.00|19.60|3.30
0.00|0.00|1.90|3.30
76837.08|33236.51|5.10|3.30
8570.86|22039.37|4.70|3.30
11209.00|8061.99|17.80|3.30
0.00|0.00|12.00|3.30
0.00|0.00|2.40|3.30
19671.33|12345.58|4.60|3.30
6412.46|12286.05|39.90|3.30
6022.76|11539.41|69.80|3.30
2032.10|3893.43|27.10|3.30
0.00|0.00|1.90|3.30
0.00|0.00|2.50|3.30
234352.06|64043.17|3.40|3.30
4280.18|8200.68|9.50|3.30
0.00|0.00|23.50|3.30
12315.77|33103.09|2.30|3.30
311890.21|104066.18|3.20|3.30
8571.31|12316.75|7.20|3.30
8723.33|16125.99|69.20|3.30
225270.05|64557.64|36.80|3.30
25010.85|50328.26|3.30|3.30
129703.08|55051.51|2.30|3.30
45008.29|80744.34|36.60|3.30
0.00|0.00|0.80|3.30
21244.14|37981.94|0.60|3.30
4258.18|14241.63|6.40|3.30
7079.19|10343.78|31.20|3.30
15347.00|31243.38|0.20|3.30
59406.17|65646.32|1.50|3.30
6428.87|16639.42|2.60|3.30
14177.87|25348.31|36.20|3.30
0.00|0.00|0.20|3.30
91200.82|40581.58|2.80|3.30
8964.94|18287.04|1.50|3.30
2145.93|0.00|30.10|3.30
0.00|0.00|0.20|3.30
127022.55|47042.74|1.70|3.30
393373.06|134673.12|2.10|3.30
25083.21|30526.65|1.50|3.30
14480.90|25152.92|1.70|3.30
252666.53|92573.50|3.20|3.30
140774.32|76989.91|2.20|3.30
78619.07|133102.91|1.90|3.30
0.00|0.00|23.50|3.30
21775.89|66826.99|0.20|3.30
14751.32|20486.95|1.90|3.30
28905.13|71290.93|24.70|3.30
11237.39|25403.31|4.80|3.30
115969.48|51056.53|1.30|3.30
13470.29|14096.40|1.90|3.30
8317.67|21244.27|33.50|3.30
8187.60|8364.82|0.40|3.30
9435.00|9792.39|1.30|3.30
222036.90|90164.01|2.40|3.30
13548.12|22670.16|1.50|3.30
19345.67|46069.70|31.70|3.30
9635.20|28994.15|1.50|3.30
147519.77|42678.68|1.90|3.30
24058.76|42707.00|2.60|3.30
29489.57|68761.14|1.50|3.30
19283.00|24571.43|34.50|3.30
7018.01|5529.34|0.40|3.30
5013.40|14252.39|2.10|3.30
326438.67|185731.42|2.40|3.30
139659.41|41087.82|1.50|3.30
9292.45|4113.94|31.80|3.30
0.00|0.00|0.40|3.30
21841.70|53404.74|1.50|3.30
13851.98|27199.60|2.40|3.30
0.00|0.00|35.90|3.30
21886.19|61922.33|0.20|3.30
783180.96|378751.59|2.40|3.30
215803.57|62619.18|1.50|3.30
100465.16|98942.96|0.60|3.30
0.00|0.00|0.40|3.30
0.00|0.00|0.00|3.30
127927.87|128304.76|0.20|3.30
99945.82|95652.25|0.40|3.30
41184.82|36497.41|0.20|3.30
0.00|0.00|0.40|3.30
99199.78|96068.47|0.20|3.30
22110.97|68139.71|0.60|3.30
192486.34|154947.07|0.60|3.30
84704.92|64564.29|0.40|3.30
99270.50|96136.96|0.00|3.30
98361.89|96088.97|0.70|3.30
915137.82|448498.56|1.10|3.30
206781.23|50403.93|0.40|3.30
0.00|0.00|0.40|3.30
97350.41|95100.86|0.20|3.30
3527.89|926.52|0.40|3.30
99215.44|96083.64|0.20|3.30
0.00|24601.86|0.20|3.30
99422.03|71661.33|0.60|3.30
0.00|0.00|0.00|3.30
0.00|0.00|0.20|3.30
0.00|0.00|0.70|3.30
0.00|0.00|0.20|3.30
0.00|0.00|0.20|3.30
3550.30|932.40|0.20|3.30
99375.71|96238.85|0.60|3.30
99442.01|96303.06|0.60|3.30
3552.35|932.94|0.20|3.30
0.00|0.00|0.20|3.30
0.00|0.00|0.00|3.30
0.00|0.00|0.00|3.30
3534.86|928.35|0.70|3.30
0.00|0.00|0.20|3.30
0.00|0.00|0.00|3.30
0.00|0.00|0.00|3.30
99567.62|96424.70|0.40|3.30
3549.59|932.21|0.40|3.30
0.00|0.00|0.00|3.30
96909.42|95820.75|0.40|3.30
197092.48|190154.37|0.40|3.30
2336.07|1840.54|9.50|3.30
3532.83|927.81|0.20|3.30
48190.62|58527.42|0.20|3.30
50174.01|37585.80|0.40|3.30
0.00|0.00|0.40|3.30
0.00|0.00|0.40|3.30
3528.67|926.72|0.40|3.30
0.00|0.00|0.60|3.30
0.00|0.00|0.00|3.30
99385.06|96247.90|0.40|3.30
500777.11|330523.64|1.10|3.30
721541.47|264903.03|0.70|3.30
0.00|0.00|0.00|3.30
0.00|0.00|0.20|3.30
0.00|0.00|9.80|3.30
100620.51|121132.97|0.40|3.30
96288.91|69267.97|0.00|3.30
98508.58|96232.27|0.20|3.30
0.00|0.00|0.40|3.30
99473.06|96333.13|0.20|3.30
0.00|0.00|0.60|3.30
0.00|0.00|0.20|3.30
79559.58|94003.86|0.00|3.30
18610.49|1861.05|0.20|3.30
0.00|0.00|0.00|3.30
0.00|0.00|0.20|3.30
0.00|0.00|0.00|3.30
0.00|0.00|0.00|3.30
1322.98|22687.28|0.40|3.30
138600.95|69605.76|1.30|3.30
227544.00|29664.15|1.30|3.30
197434.85|25786.25|2.20|3.30
