0.00|0.00|24.00|1.10
0.00|0.00|55.40|1.10
0.00|0.00|44.40|1.10
0.00|0.00|30.40|1.10
0.00|0.00|29.70|1.10
0.00|0.00|47.20|1.10
0.00|0.00|26.20|1.10
0.00|0.00|1.70|1.10
0.00|0.00|39.00|1.10
0.00|0.00|0.20|1.10
0.00|0.00|3.30|1.10
0.00|0.00|5.60|1.10
0.00|0.00|3.90|1.10
0.00|0.00|41.60|1.10
0.00|0.00|45.90|1.10
0.00|0.00|3.50|1.20
0.00|0.00|4.10|1.20
0.00|0.00|7.80|1.10
0.00|0.00|56.50|1.20
0.00|0.00|39.60|1.20
0.00|0.00|35.10|1.20
0.00|0.00|33.60|1.10
0.00|0.00|41.20|1.20
0.00|0.00|36.00|1.20
0.00|0.00|36.20|1.20
0.00|0.00|39.40|1.20
0.00|0.00|24.30|1.20
0.00|0.00|8.90|1.20
0.00|0.00|11.20|1.20
0.00|0.00|20.40|1.20
4351.80|2486.75|33.20|1.20
0.00|0.00|37.40|1.20
0.00|0.00|9.10|1.20
0.00|0.00|29.70|1.20
0.00|0.00|65.50|1.20
0.00|0.00|99.20|1.20
0.00|0.00|54.40|1.20
0.00|0.00|48.20|1.20
4615.39|5565.62|83.30|1.20
2300.02|4406.76|67.00|1.30
0.00|0.00|49.90|1.30
0.00|0.00|81.50|1.30
0.00|0.00|76.00|1.30
0.00|0.00|57.30|1.30
6976.60|13366.93|86.00|1.30
6373.97|10338.26|74.10|1.30
0.00|0.00|35.40|1.30
0.00|0.00|17.60|1.30
0.00|0.00|30.10|1.30
0.00|0.00|8.60|1.30
9294.55|17808.05|30.50|1.30
0.00|0.00|10.90|1.30
0.00|0.00|11.30|1.30
0.00|0.00|11.70|1.30
2320.68|4446.34|24.60|1.30
11580.99|22188.79|87.30|1.30
2298.14|4403.16|99.80|1.30
0.00|0.00|58.20|1.30
0.00|0.00|80.60|1.40
0.00|0.00|91.90|1.40
2310.10|4426.07|69.80|1.40
4619.79|8851.36|46.80|1.40
0.00|0.00|28.60|1.40
0.00|0.00|94.80|1.40
0.00|0.00|93.30|1.40
0.00|0.00|11.70|1.40
0.00|0.00|42.20|1.40
0.00|0.00|95.00|1.40
2272.33|4353.71|80.70|1.40
0.00|0.00|22.80|1.40
0.00|0.00|19.20|1.40
2316.09|4437.55|13.30|1.40
6371.48|6936.53|39.10|1.50
0.00|0.00|40.20|1.50
0.00|0.00|51.50|1.50
0.00|0.00|100.00|1.50
0.00|0.00|46.20|1.50
0.00|0.00|54.90|1.50
0.00|0.00|76.00|1.50
0.00|0.00|29.50|1.50
2311.91|4429.54|58.70|1.50
4582.74|8780.37|83.70|1.50
0.00|0.00|38.40|1.50
0.00|0.00|9.20|1.50
0.00|0.00|9.30|1.50
0.00|0.00|52.00|1.50
0.00|0.00|31.60|1.50
0.00|0.00|37.20|1.50
0.00|0.00|47.30|1.50
0.00|0.00|84.20|1.50
0.00|0.00|68.80|1.60
0.00|0.00|100.00|1.60
0.00|0.00|70.10|1.60
0.00|0.00|77.60|1.60
2281.13|4370.56|76.70|1.60
2286.10|4380.09|45.50|1.60
2280.55|4369.47|42.40|1.60
0.00|0.00|37.30|1.60
0.00|0.00|61.40|1.60
2272.06|4353.20|83.20|1.60
2292.89|4393.09|47.40|1.60
0.00|0.00|86.60|1.60
0.00|0.00|76.90|1.60
0.00|0.00|75.60|1.60
0.00|0.00|67.60|1.70
0.00|0.00|9.10|1.70
0.00|0.00|8.10|1.70
0.00|0.00|43.70|1.70
0.00|0.00|7.00|1.70
0.00|0.00|6.70|1.70
0.00|0.00|76.80|1.70
0.00|0.00|99.40|1.70
0.00|0.00|46.10|1.70
0.00|0.00|53.60|1.70
0.00|0.00|100.00|1.70
0.00|0.00|54.60|1.70
0.00|0.00|42.90|1.70
0.00|0.00|8.30|1.70
2305.01|4416.32|34.50|1.70
0.00|0.00|85.90|1.70
0.00|0.00|72.10|1.70
0.00|0.00|35.30|1.70
0.00|0.00|11.70|1.70
2294.20|4395.62|66.70|1.70
4504.49|8630.45|62.30|1.80
0.00|0.00|42.10|1.80
0.00|0.00|70.80|1.80
0.00|0.00|72.30|1.80
0.00|0.00|34.50|1.80
0.00|0.00|48.30|1.80
0.00|0.00|9.70|1.80
0.00|0.00|9.40|1.80
0.00|0.00|8.30|1.80
0.00|0.00|46.10|1.70
0.00|0.00|49.20|1.80
0.00|0.00|15.30|1.80
0.00|0.00|51.40|1.80
2240.55|4292.81|93.80|1.80
0.00|0.00|75.80|1.80
0.00|0.00|50.90|1.80
0.00|0.00|91.60|1.80
0.00|4306.65|97.80|1.80
2239.79|0.00|89.80|1.90
0.00|0.00|96.40|1.90
0.00|997.96|49.00|1.90
2868.75|0.00|18.70|1.90
0.00|0.00|8.20|1.90
2289.25|4386.12|17.90|1.90
0.00|0.00|8.50|1.90
0.00|0.00|48.10|1.90
0.00|0.00|32.70|1.90
0.00|0.00|10.30|1.90
0.00|0.00|71.50|1.90
0.00|0.00|14.60|1.90
0.00|0.00|60.70|1.90
4514.27|8649.18|31.80|1.90
0.00|0.00|36.00|1.90
0.00|0.00|98.80|1.90
0.00|0.00|77.00|1.90
0.00|0.00|12.30|1.90
0.00|0.00|17.70|2.00
4499.84|8621.54|97.40|2.00
2252.25|4315.24|89.50|2.00
0.00|0.00|42.00|2.00
0.00|0.00|17.10|2.00
0.00|0.00|82.20|2.00
0.00|0.00|50.20|2.00
2275.88|4360.50|50.20|2.00
4488.35|8599.52|34.50|2.00
0.00|0.00|15.60|2.00
0.00|0.00|28.10|2.00
0.00|0.00|68.10|2.00
0.00|0.00|100.00|2.00
0.00|0.00|53.70|2.00
0.00|0.00|42.30|2.00
0.00|0.00|50.80|2.00
0.00|0.00|52.00|2.00
0.00|0.00|79.50|2.00
0.00|0.00|49.30|2.00
0.00|0.00|10.50|2.00
0.00|0.00|8.70|2.00
13716.42|26280.20|12.30|2.00
11483.89|22002.75|72.80|2.10
0.00|0.00|66.90|2.10
0.00|0.00|9.40|2.10
9103.67|17442.32|21.70|2.10
6839.63|13104.51|94.70|2.10
0.00|0.00|95.00|2.10
0.00|0.00|29.80|2.10
0.00|0.00|74.90|2.10
6769.20|12969.55|43.90|2.10
0.00|0.00|25.80|2.10
0.00|0.00|6.50|2.10
4439.86|8506.62|7.30|2.10
2251.92|4314.60|38.90|2.10
0.00|0.00|11.90|2.10
0.00|0.00|39.60|2.10
13917.99|14564.90|76.20|2.10
6746.47|12926.02|80.80|2.10
2257.67|4325.63|95.20|2.10
0.00|0.00|75.40|2.10
0.00|0.00|56.60|2.10
0.00|0.00|41.20|2.10
6756.40|12945.03|69.80|2.10
11303.10|21656.35|25.90|2.20
0.00|0.00|42.60|2.20
0.00|0.00|1.20|2.20
0.00|1005.20|21.80|2.20
14293.52|13970.83|68.70|2.20
9036.79|17314.18|33.30|2.20
0.00|0.00|48.60|2.20
0.00|0.00|0.20|2.20
4613.60|8839.50|2.00|2.20
16116.46|35289.82|2.00|2.20
9195.92|13214.30|21.70|2.20
0.00|0.00|25.30|2.20
0.00|0.00|0.00|2.20
6908.17|13235.82|2.20|2.20
0.00|0.00|37.90|2.20
0.00|0.00|0.20|2.20
9199.39|17625.72|3.00|2.20
20698.92|39658.43|2.20|2.20
0.00|0.00|43.20|2.20
0.00|0.00|0.80|2.20
2300.65|4407.97|0.80|2.20
11513.30|22059.09|1.40|2.20
0.00|0.00|42.40|2.20
0.00|0.00|0.20|2.20
2298.64|4404.12|1.80|2.20
18352.19|35162.18|1.60|2.20
0.00|0.00|43.70|2.20
0.00|0.00|0.80|2.20
0.00|0.00|0.40|2.20
6897.99|13216.31|7.00|2.20
0.00|0.00|35.60|2.20
0.00|0.00|0.20|2.20
6904.60|13228.99|2.20|2.20
16081.89|30812.36|2.00|2.20
2278.75|4366.01|40.10|2.20
0.00|0.00|9.50|2.20
0.00|0.00|0.20|2.20
14513.76|15188.37|1.80|2.20
0.00|0.00|47.00|2.20
0.00|0.00|0.00|2.20
6869.06|13160.89|1.80|2.20
18361.13|35179.32|1.80|2.20
20708.65|39677.08|2.80|2.20
4592.65|8799.36|28.30|2.20
0.00|0.00|13.60|2.20
0.00|0.00|1.00|2.20
6901.48|13223.01|2.00|2.20
0.00|0.00|40.20|2.20
0.00|0.00|0.00|2.20
6886.28|13193.88|1.60|2.20
0.00|0.00|44.30|2.20
0.00|0.00|0.40|2.20
6882.58|13186.79|16.20|2.20
0.00|0.00|29.60|2.20
0.00|0.00|0.00|2.20
9164.05|17558.01|1.40|2.20
9191.18|17609.98|2.00|2.20
0.00|0.00|46.30|2.20
0.00|0.00|0.00|2.20
0.00|0.00|1.20|2.20
9109.73|17453.94|2.00|2.20
16095.15|35243.17|2.20|2.20
11471.75|17583.59|18.50|2.20
0.00|0.00|18.10|2.20
0.00|0.00|0.00|2.20
6858.62|13140.88|1.80|2.20
0.00|0.00|40.80|2.20
0.00|0.00|0.20|2.20
4585.20|8785.09|1.20|2.20
2294.23|4395.68|41.40|2.20
0.00|0.00|1.60|2.20
0.00|0.00|0.00|2.20
10676.45|14158.31|2.00|2.20
2287.44|4382.66|28.10|2.20
0.00|0.00|2.00|2.20
0.00|0.00|0.20|2.20
11438.94|21916.63|2.40|2.20
13723.40|26293.56|13.80|2.20
6842.66|13110.31|9.50|2.20
0.00|0.00|34.40|2.20
0.00|0.00|0.00|2.20
18165.18|16044.95|3.00|2.20
4322.06|8280.92|29.70|2.20
0.00|0.00|17.80|2.20
0.00|0.00|0.80|2.20
13711.27|26270.33|1.60|2.20
2285.16|4378.29|42.90|2.20
0.00|0.00|1.60|2.20
4544.00|8706.15|1.20|2.20
26616.06|25867.67|2.60|2.20
11417.75|21876.02|1.20|2.20
0.00|0.00|45.80|2.20
0.00|0.00|0.00|2.20
4574.53|8764.64|1.40|2.20
2284.17|4376.38|30.80|2.20
0.00|0.00|3.40|2.20
0.00|0.00|0.00|2.20
9159.72|17549.71|2.60|2.20
18966.54|23808.65|2.00|2.20
0.00|0.00|43.00|2.20
0.00|0.00|0.20|2.20
2280.73|4369.81|1.00|2.20
18281.44|35026.63|1.80|2.20
18308.35|35078.18|2.40|2.20
0.00|0.00|43.10|2.20
0.00|0.00|2.00|2.20
0.00|0.00|0.00|2.20
6868.53|13159.87|1.20|2.20
0.00|0.00|43.10|2.20
0.00|0.00|0.20|2.20
4562.26|8741.13|1.00|2.20
2281.41|4371.10|46.10|2.20
0.00|0.00|1.80|2.20
0.00|0.00|0.20|2.20
13724.34|26295.37|3.00|2.20
4558.53|8733.98|20.50|2.20
0.00|0.00|14.40|2.20
0.00|0.00|0.40|2.20
28177.04|22526.25|2.40|2.20
6845.26|13115.29|2.60|2.20
0.00|0.00|36.20|2.20
0.00|0.00|0.00|2.20
9095.41|23770.37|3.00|2.20
18943.81|17433.65|1.60|2.20
0.00|0.00|42.00|2.20
0.00|0.00|0.00|2.20
0.00|0.00|0.80|2.20
15961.91|30582.49|1.80|2.20
11416.44|21873.51|2.40|2.20
0.00|0.00|33.40|2.20
0.00|0.00|0.00|2.20
6807.88|13043.67|1.80|2.20
0.00|0.00|46.40|2.20
0.00|0.00|0.20|2.20
6830.68|13087.35|3.20|2.20
18186.77|34845.23|1.80|2.20
4553.62|8724.58|24.10|2.20
0.00|0.00|18.70|2.20
0.00|990.51|1.40|2.20
21962.61|16056.22|8.90|2.20
0.00|0.00|37.90|2.20
0.00|0.00|0.00|2.20
9111.98|17458.24|2.60|2.20
18256.45|34978.74|1.80|2.20
2275.50|4359.78|36.20|2.20
0.00|0.00|11.80|2.20
0.00|0.00|1.00|2.20
6834.70|13095.06|2.00|2.20
0.00|0.00|46.60|2.20
0.00|0.00|0.20|2.20
1721.97|10178.77|1.60|2.20
18241.27|26212.24|2.00|2.20
0.00|0.00|34.20|2.20
0.00|0.00|0.40|2.20
3770.08|990.12|1.20|2.20
19723.21|24286.47|2.20|2.20
4532.12|8683.39|22.00|2.20
0.00|0.00|20.90|2.20
0.00|0.00|0.60|2.20
9074.33|17386.11|2.20|2.20
6827.35|13080.96|21.20|2.20
0.00|0.00|28.90|2.20
0.00|0.00|1.00|2.20
19682.33|12688.41|2.40|2.20
13626.17|26107.29|1.40|2.20
11335.08|21717.64|2.80|2.20
0.00|0.00|46.40|2.20
0.00|0.00|0.40|2.20
4537.78|8694.24|1.80|2.20
2267.61|4344.67|38.90|2.20
0.00|0.00|5.90|2.20
0.00|0.00|1.00|2.20
11339.61|26071.58|2.20|2.20
4242.54|4064.28|41.10|2.20
0.00|0.00|3.80|2.20
0.00|0.00|0.80|2.20
18854.01|23667.40|2.40|2.20
13498.30|30172.67|2.00|2.20
13616.94|21741.33|2.00|2.20
0.00|0.00|43.60|2.20
0.00|0.00|0.00|2.20
4541.48|8701.32|1.60|2.20
2275.41|4359.61|43.00|2.20
0.00|0.00|2.20|2.20
6799.26|13027.15|1.60|2.20
9088.09|17412.47|1.80|2.20
0.00|0.00|44.90|2.20
0.00|0.00|0.40|2.20
10565.14|14010.71|3.20|2.20
13595.24|26048.03|1.60|2.20
0.00|0.00|43.00|2.20
0.00|0.00|0.20|2.20
2268.82|8693.96|0.80|2.20
4520.09|4330.17|33.10|2.20
0.00|0.00|11.30|2.20
11284.41|2963.58|1.00|2.20
27809.51|22232.43|2.80|2.20
0.00|0.00|42.20|2.20
0.00|0.00|0.00|2.20
3759.05|987.23|1.00|2.20
0.00|0.00|0.20|2.20
0.00|0.00|0.00|2.20
0.00|0.00|0.20|2.20
0.00|0.00|0.20|2.20
29151.39|8893.65|1.60|2.20
11887.69|3912.40|0.60|2.20
0.00|0.00|6.80|2.20
3685.73|967.97|29.80|2.20
0.00|0.00|33.70|2.20
0.00|0.00|37.20|2.20
0.00|0.00|24.40|2.20
3665.10|962.55|36.00|2.20
0.00|0.00|3.70|2.20
0.00|0.00|35.60|2.20
0.00|0.00|45.70|2.20
16488.54|4752.79|5.70|2.20
23829.24|7842.53|3.70|2.20
0.00|0.00|2.10|2.20
0.00|0.00|1.40|2.20
3691.94|969.60|29.00|2.20
0.00|0.00|41.40|2.20
0.00|0.00|2.00|2.20
0.00|0.00|7.00|2.20
0.00|0.00|30.00|2.20
0.00|0.00|35.40|2.20
3663.12|962.03|34.20|2.20
0.00|0.00|42.50|2.20
0.00|0.00|25.90|2.30
25261.66|7681.91|10.20|2.20
14573.10|4796.21|57.00|2.20
0.00|0.00|39.00|2.30
0.00|0.00|10.30|2.30
3660.18|961.26|47.10|2.30
0.00|0.00|8.50|2.30
0.00|0.00|7.60|2.30
0.00|0.00|7.90|2.30
0.00|0.00|7.60|2.30
4164.37|2379.64|7.80|2.30
0.00|0.00|53.40|2.30
4205.70|8057.98|89.80|2.30
0.00|0.00|41.50|2.30
0.00|0.00|98.30|2.30
0.00|0.00|85.20|2.30
0.00|0.00|70.30|2.30
0.00|0.00|97.90|2.30
2143.81|4107.47|76.10|2.40
0.00|0.00|12.50|2.40
0.00|0.00|10.10|2.40
0.00|0.00|9.40|2.40
0.00|0.00|9.70|2.40
0.00|0.00|8.50|2.40
2201.96|4218.88|63.40|2.40
4412.23|8453.68|62.20|2.40
0.00|0.00|84.60|2.40
0.00|0.00|47.30|2.40
0.00|0.00|25.90|2.40
5874.48|6395.45|14.10|2.40
0.00|0.00|12.50|2.40
0.00|0.00|11.20|2.40
0.00|0.00|34.10|2.40
2082.26|3989.54|98.30|2.40
2134.17|4088.99|90.70|2.40
771.08|514.05|82.40|2.40
0.00|0.00|67.50|2.50
0.00|0.00|14.20|2.50
0.00|0.00|36.70|2.50
0.00|0.00|69.90|2.50
0.00|0.00|85.10|2.50
0.00|0.00|50.70|2.50
0.00|0.00|85.00|2.50
0.00|0.00|38.90|2.50
2187.00|4190.22|12.90|2.50
2186.33|4188.94|50.60|2.50
0.00|0.00|92.00|2.50
0.00|0.00|93.30|2.50
0.00|0.00|71.60|2.50
0.00|0.00|8.50|2.50
2187.53|4191.23|30.10|2.60
0.00|0.00|23.20|2.60
0.00|0.00|62.50|2.60
0.00|0.00|40.10|2.60
0.00|0.00|76.40|2.60
0.00|0.00|70.10|2.60
0.00|0.00|84.10|2.60
4280.71|8201.70|72.60|2.60
2059.86|3946.62|22.10|2.60
0.00|0.00|9.20|2.60
0.00|0.00|9.00|2.60
0.00|0.00|68.30|2.60
0.00|0.00|56.30|2.60
6586.64|12619.78|13.20|2.60
0.00|0.00|35.50|2.60
2098.75|4021.13|76.90|2.60
6296.77|12064.41|47.10|2.60
4236.51|8117.01|77.90|2.60
0.00|0.00|35.20|2.70
0.00|0.00|17.90|2.70
4225.73|8096.36|74.10|2.70
2135.33|4091.22|60.90|2.70
0.00|0.00|9.20|2.70
0.00|0.00|40.00|2.70
2098.33|4020.34|89.90|2.70
4247.58|8138.22|72.70|2.70
0.00|0.00|26.70|2.70
0.00|0.00|27.30|2.70
12572.95|6771.41|72.50|2.70
6368.90|12202.60|29.20|2.70
8892.89|17038.47|7.40|2.70
11117.40|21300.56|6.10|2.70
0.00|0.00|34.10|2.70
0.00|0.00|3.10|2.70
4408.66|8446.85|5.50|2.70
2225.02|4263.06|79.90|2.70
0.00|0.00|96.30|2.70
0.00|0.00|42.50|2.70
2192.72|4201.18|5.70|2.70
11137.64|21339.34|2.70|2.70
2227.09|4267.03|34.80|2.70
0.00|0.00|2.20|2.70
18281.76|4840.38|0.60|2.70
17739.32|19942.73|2.70|2.70
13428.45|25728.46|2.00|2.70
4460.51|8546.19|29.90|2.70
0.00|0.00|17.60|2.70
0.00|0.00|0.40|2.70
9603.11|13724.06|2.70|2.70
0.00|0.00|49.20|2.70
0.00|0.00|0.20|2.70
2950.79|971.15|0.80|2.70
13353.72|25585.29|2.50|2.70
13383.56|25642.46|2.20|2.70
2221.63|4256.57|50.20|2.70
0.00|0.00|4.10|2.70
13101.91|5806.53|0.80|2.70
13939.85|12798.47|1.90|2.70
0.00|0.00|36.60|2.70
0.00|0.00|0.20|2.70
30939.01|17221.47|2.30|2.70
13350.63|25579.36|1.90|2.70
11113.98|21294.01|1.80|2.70
0.00|0.00|32.20|2.70
0.00|0.00|0.20|2.70
10336.04|10447.98|2.50|2.70
2200.25|4215.60|39.70|2.70
0.00|0.00|9.30|2.70
0.00|0.00|1.40|2.70
14743.44|18913.30|2.70|2.70
8874.47|17003.18|2.50|2.70
0.00|0.00|31.70|2.70
0.00|0.00|0.60|2.70
12465.85|15559.16|2.10|2.70
36688.01|32125.19|2.30|2.70
13290.43|29708.02|2.30|2.70
6577.38|8401.36|16.40|2.70
0.00|0.00|31.00|2.70
0.00|0.00|0.80|2.70
6653.13|12747.17|1.90|2.70
0.00|0.00|38.70|2.70
0.00|0.00|0.00|2.70
4421.14|8470.75|2.10|2.70
6656.47|17004.77|1.90|2.70
2213.68|0.00|47.10|2.70
0.00|0.00|1.90|2.70
3662.18|961.78|1.20|2.70
11073.89|21217.19|2.70|2.70
15497.46|29692.61|1.90|2.70
11099.25|21265.79|2.70|2.70
2219.45|4252.38|48.80|2.70
0.00|0.00|5.00|2.70
0.00|0.00|0.40|2.70
6636.20|12714.74|2.10|2.70
0.00|0.00|50.10|2.70
0.00|0.00|2.10|2.70
4390.11|8411.30|1.80|2.70
2157.49|4133.68|42.90|2.70
0.00|0.00|8.20|2.70
2195.91|4207.29|1.20|2.70
4366.85|8366.74|21.10|2.70
0.00|0.00|31.20|2.70
0.00|0.00|0.20|2.70
2210.73|4235.68|1.90|2.70
34853.91|86809.12|1.90|2.70
2199.69|4214.53|44.10|2.70
0.00|0.00|5.70|2.70
86973.41|36534.75|2.10|2.70
8839.69|21170.69|2.00|2.70
15551.95|25540.30|1.60|2.70
8877.86|21262.10|3.30|2.70
2212.80|0.00|31.90|2.70
0.00|0.00|0.00|2.70
0.00|0.00|0.40|2.70
6629.27|12701.46|2.30|2.70
0.00|0.00|34.70|2.70
0.00|0.00|0.20|2.70
0.00|4212.32|1.20|2.70
6630.39|8469.06|1.90|2.70
0.00|0.00|35.80|2.70
0.00|0.00|0.20|2.70
5877.36|5191.36|1.90|2.70
11002.31|21080.06|2.30|2.70
11040.28|21152.80|1.90|2.70
13292.67|25468.32|2.90|2.70
2210.81|4235.85|41.90|2.70
0.00|0.00|2.10|2.70
20447.25|13201.29|3.10|2.70
14178.39|28375.29|29.60|2.70
0.00|0.00|15.60|2.70
2426.04|8656.54|0.60|2.70
15838.11|40797.92|2.00|2.70
2213.10|4240.22|46.60|2.70
0.00|0.00|2.30|2.70
0.00|0.00|1.30|2.70
84967.08|47038.30|4.20|2.70
10990.01|21056.48|7.10|2.70
0.00|0.00|42.20|2.70
0.00|0.00|0.20|2.70
0.00|0.00|1.70|2.70
15356.31|11295.75|2.10|2.70
4360.15|8353.91|8.60|2.70
0.00|0.00|34.30|2.70
0.00|0.00|0.60|2.70
182394.73|48928.87|32.40|2.70
698498.66|174602.16|31.30|2.70
16672.63|26488.56|55.20|2.80
28955.89|30324.71|33.40|2.80
3573.09|6568.71|5.00|2.80
0.00|0.00|2.30|2.80
0.00|0.00|1.70|2.80
3600.25|945.52|2.70|2.80
7156.96|5638.82|59.90|2.80
0.00|0.00|8.90|2.80
20337.47|19938.70|4.00|2.80
0.00|1900.07|3.60|2.80
0.00|0.00|22.20|2.80
0.00|0.00|43.10|2.80
42021.26|42858.05|33.60|2.80
0.00|0.00|33.70|2.80
0.00|0.00|5.70|2.80
7127.26|29876.91|29.60|2.80
31003.06|7515.89|34.40|2.80
0.00|0.00|6.80|2.80
0.00|0.00|5.50|2.80
2389.26|1882.44|8.20|2.80
21250.48|25328.85|6.40|2.80
7113.62|11209.34|27.10|2.80
4993.14|2219.17|68.90|2.80
0.00|0.00|41.70|2.80
14108.86|25224.93|10.50|2.80
0.00|0.00|59.70|2.80
0.00|0.00|87.70|2.80
13358.52|23883.41|45.60|2.90
0.00|0.00|76.90|2.90
0.00|0.00|59.20|2.90
4235.90|8115.84|85.60|2.90
0.00|0.00|64.10|2.90
0.00|0.00|10.10|2.90
0.00|0.00|44.60|2.90
0.00|0.00|74.30|2.90
0.00|0.00|8.50|2.90
0.00|0.00|54.60|2.90
0.00|0.00|68.80|2.90
2138.15|4096.61|53.60|2.90
20329.96|10678.36|13.30|2.90
0.00|0.00|6.80|2.90
0.00|0.00|7.60|2.90
0.00|0.00|71.00|2.90
2028.35|3886.25|92.50|2.90
0.00|0.00|85.50|2.90
0.00|0.00|55.80|3.00
0.00|0.00|25.00|3.00
0.00|0.00|79.60|3.00
4061.22|7781.17|46.30|3.00
14223.15|25429.28|81.50|3.00
0.00|0.00|76.90|3.00
0.00|0.00|11.10|3.00
2122.10|4065.87|62.50|3.00
0.00|0.00|20.60|3.00
0.00|0.00|10.80|3.00
0.00|0.00|43.20|3.00
6783.66|5344.70|8.80|3.00
0.00|0.00|81.90|3.00
10372.47|29338.31|79.60|3.00
10825.41|30636.97|41.30|3.00
0.00|0.00|41.40|3.00
0.00|0.00|13.00|3.10
0.00|0.00|76.20|3.10
4706.49|15497.79|100.00|3.10
7545.20|17401.83|51.00|3.10
10860.15|30735.29|68.60|3.10
0.00|0.00|94.40|3.10
0.00|0.00|33.00|3.10
0.00|0.00|8.50|3.10
0.00|0.00|72.90|3.10
0.00|0.00|68.50|3.10
0.00|0.00|10.00|3.10
0.00|0.00|7.50|3.10
0.00|0.00|37.80|3.10
0.00|0.00|75.30|3.10
2005.30|3842.08|75.10|3.10
3359.50|5918.28|55.10|3.20
7109.93|20104.52|10.30|3.20
0.00|0.00|43.60|3.20
14711.31|39820.21|100.00|3.20
240628.73|108637.41|62.30|3.20
0.00|5562.26|12.10|3.20
9392.30|10370.67|9.30|3.20
20467.58|57074.09|12.50|3.20
15785.82|16509.94|12.40|3.20
27709.15|19470.32|70.20|3.20
9292.33|31088.05|60.20|3.20
18269.98|45171.18|45.30|3.20
0.00|0.00|9.00|3.20
1973.60|3781.34|10.20|3.20
4008.16|7679.50|18.10|3.20
6764.24|5329.40|46.80|3.20
0.00|0.00|8.60|3.20
2117.60|4057.25|66.00|3.20
7589.27|17759.58|98.90|3.20
0.00|0.00|90.70|3.30
0.00|0.00|81.20|3.30
172491.85|75675.16|15.40|3.30
6427.07|17930.99|18.00|3.30
27152.29|75150.30|72.00|3.30
4065.84|3895.00|35.30|3.30
6501.78|16609.59|6.20|3.30
2159.45|0.00|30.30|3.30
0.00|0.00|94.20|3.30
6808.80|5364.51|75.10|3.30
4294.28|8227.70|4.20|3.30
7256.68|16768.56|35.20|3.30
0.00|0.00|1.50|3.30
75506.84|49083.05|1.30|3.30
37022.77|59483.37|2.70|3.30
6521.29|12494.57|3.40|3.30
17215.38|50475.64|42.10|3.30
7411.61|21911.01|0.00|3.30
192872.58|77485.85|14.00|3.30
31755.28|40572.17|3.00|3.30
8624.81|16524.85|3.00|3.30
11217.14|31745.60|46.80|3.30
2369.44|8454.59|0.40|3.30
4313.02|8263.60|1.50|3.30
2154.16|4127.29|33.60|3.30
3202.54|2523.21|11.20|3.30
0.00|0.00|0.60|3.30
77647.37|40815.34|2.30|3.30
235437.89|72878.39|2.90|3.30
4327.57|8291.47|16.00|3.30
0.00|0.00|32.60|3.30
0.00|0.00|0.40|3.30
156290.80|51493.40|3.40|3.30
10854.02|20795.94|2.30|3.30
113035.02|45926.15|2.10|3.30
10829.30|32523.70|40.50|3.30
11489.05|8216.41|15.60|3.30
27856.27|22339.28|0.80|3.30
278008.41|98482.02|2.10|3.30
2122.14|4065.94|44.50|3.30
16241.05|29037.03|2.50|3.30
94779.48|69904.16|2.30|3.30
194856.53|35342.87|2.50|3.30
20584.83|37907.98|1.70|3.30
4787.50|17118.94|50.70|3.30
16723.39|20312.09|0.40|3.30
211049.99|79906.16|1.70|3.30
219384.01|182687.38|2.50|3.30
26345.86|33580.54|1.90|3.30
125171.26|49754.80|2.50|3.30
41096.72|71855.55|1.90|3.30
23852.73|27466.78|49.50|3.30
13974.01|20325.84|0.20|3.30
110422.08|68689.58|1.70|3.30
122544.87|48553.46|2.30|3.30
12438.36|25871.79|26.60|3.30
20727.09|30637.01|23.40|3.30
9436.73|17729.61|0.90|3.30
20761.82|22767.54|1.90|3.30
2380.05|4255.25|50.50|3.30
2356.23|4212.65|0.00|3.30
34938.85|43817.94|1.50|3.30
304464.07|86199.44|3.40|3.30
30839.01|53570.11|1.90|3.30
8627.01|16529.06|2.30|3.30
8624.29|16523.85|2.10|3.30
4785.35|8555.62|40.60|3.30
20087.11|30005.35|1.30|3.30
9283.14|14492.52|1.90|3.30
4338.68|8312.77|10.40|3.30
12733.45|14662.76|41.30|3.30
8299.43|11281.48|0.20|3.30
6919.00|16764.57|2.10|3.30
10769.90|16507.81|2.10|3.30
14094.58|18310.29|31.50|3.30
0.00|1943.11|7.60|3.30
8514.95|16615.85|2.30|3.30
4336.78|25455.81|14.10|3.30
9515.06|20394.41|37.40|3.30
2371.04|0.00|0.80|3.30
93245.57|29383.43|3.00|3.30
12141.89|38335.24|1.70|3.30
15122.82|26868.87|2.80|3.30
8018.08|16740.45|6.50|3.30
2341.11|1844.51|46.30|3.30
5890.50|4641.00|0.20|3.30
10228.30|17575.38|2.50|3.30
8105.72|4116.04|43.70|3.30
0.00|0.00|9.40|3.30
0.00|0.00|1.10|3.30
4288.14|8215.93|2.10|3.30
2030.89|3891.12|44.90|3.30
5708.75|4497.80|7.40|3.30
0.00|0.00|0.20|3.30
14677.24|18781.13|3.20|3.30
8598.96|20594.14|1.90|3.30
9929.06|14370.05|1.90|3.30
6411.52|12284.26|2.50|3.30
4316.71|8270.68|2.80|3.30
0.00|0.00|48.20|3.30
17389.28|56121.56|0.40|3.30
110499.56|57409.38|2.30|3.30
2022.20|3874.47|38.40|3.30
0.00|0.00|9.80|3.30
6024.74|18787.20|1.30|3.30
11410.42|25633.13|2.10|3.30
1188.42|0.00|47.60|3.30
0.00|0.00|0.40|3.30
49038.47|19005.77|10.20|3.30
6422.85|12305.97|2.10|3.30
17363.53|39528.21|2.30|3.30
10796.83|20686.36|1.70|3.30
3707.35|10492.15|37.30|3.30
17994.53|49582.55|0.20|3.30
37281.34|19404.27|2.10|3.30
4279.13|4099.34|27.80|3.30
0.00|0.00|10.60|3.30
14006.20|5573.90|1.50|3.30
8536.45|16355.56|3.00|3.30
10179.17|14629.18|1.70|3.30
0.00|0.00|39.00|3.30
0.00|8297.90|0.40|3.30
108073.85|49103.31|3.70|3.30
6432.93|20542.12|1.70|3.30
8587.82|16724.61|9.00|3.30
9246.83|20839.36|37.40|3.30
9930.83|31938.26|0.90|3.30
107359.46|41812.55|2.60|3.30
23843.23|78452.49|15.20|3.30
9495.56|11955.47|33.60|3.30
0.00|1991.94|0.20|3.30
200178.87|131346.12|2.20|3.30
3542.67|5582.39|0.40|3.30
36655.26|33000.48|0.20|3.30
0.00|0.00|0.40|3.30
0.00|0.00|0.00|3.30
0.00|0.00|0.40|3.30
19888.88|21406.43|0.20|3.30
0.00|0.00|0.40|3.30
3556.75|934.10|0.60|3.30
47075.87|44160.30|0.40|3.30
49515.26|47956.71|0.40|3.30
7054.55|11116.26|0.00|3.30
161043.30|43858.91|0.70|3.30
789431.40|276301.88|0.70|3.30
28402.89|33782.23|0.40|3.30
1174.31|1850.43|0.40|3.30
113694.26|144537.24|0.40|3.30
35280.68|1860.64|0.20|3.30
34401.05|40404.16|0.40|3.30
28484.36|31073.85|0.20|3.30
0.00|0.00|0.20|3.30
137801.73|132558.49|0.60|3.30
0.00|0.00|0.00|3.30
5034.53|22961.06|0.70|3.30
97136.64|73697.23|0.60|3.30
98989.47|95864.81|0.20|3.30
99403.33|96265.60|0.60|3.30
3557.05|934.18|0.40|3.30
0.00|0.00|0.20|3.30
0.00|0.00|0.20|3.30
199554.79|193255.71|0.20|3.30
3560.56|935.10|0.40|3.30
0.00|0.00|0.40|3.30
33130.98|56219.58|0.40|3.30
65773.94|39428.62|0.00|3.30
99331.57|96196.10|0.20|3.30
199212.01|189833.52|0.40|3.30
914060.21|390966.64|1.10|3.30
171236.78|44628.28|0.40|3.30
98797.36|90905.80|3.10|3.30
101905.33|89748.39|0.40|3.30
37680.04|35602.62|0.40|3.30
94908.59|88728.25|0.40|3.30
5170.57|1867.15|0.00|3.30
61747.09|58922.41|0.40|3.30
41508.55|32955.27|0.20|3.30
99687.14|97907.01|0.40|3.30
0.00|0.00|0.20|3.30
0.00|0.00|0.60|3.30
3523.34|925.32|0.40|3.30
0.00|0.00|0.20|3.30
0.00|0.00|0.40|3.30
0.00|0.00|0.00|3.30
0.00|21915.77|0.20|3.30
339303.76|157396.75|1.10|3.30
881061.60|415353.78|12.70|3.30
0.00|0.00|0.40|3.30
0.00|0.00|0.60|3.30
0.00|0.00|0.20|3.30
0.00|0.00|0.20|3.30
0.00|0.00|0.40|3.30
0.00|0.00|0.20|3.30
0.00|0.00|0.40|3.30
79486.46|80564.98|0.20|3.30
20140.59|15922.19|0.40|3.30
0.00|0.00|0.00|3.30
0.00|0.00|3.80|3.30
190573.61|186475.26|0.60|3.30
99891.94|95600.68|0.20|3.30
0.00|0.00|0.40|3.30
0.00|0.00|0.20|3.30
98525.42|96248.73|0.40|3.30
0.00|0.00|0.20|3.30
0.00|0.00|0.60|3.30
0.00|0.00|0.00|3.30
0.00|0.00|0.00|3.30
0.00|0.00|0.40|3.30
0.00|0.00|0.20|3.30
131902.12|139222.02|0.20|3.30
129254.19|125027.26|0.20|3.30
37998.21|25458.08|0.60|3.30
0.00|0.00|0.40|3.30
0.00|0.00|0.40|3.30
1613.30|1362.35|0.20|3.30
197597.94|192506.50|0.20|3.30
1180.06|0.00|0.40|3.30
98482.07|96206.37|0.20|3.30
0.00|0.00|0.20|3.30
101308.31|97409.07|0.00|3.30
0.00|0.00|0.40|3.30
0.00|0.00|0.40|3.30
98336.71|96064.37|0.40|3.30
0.00|0.00|0.00|3.30
0.00|0.00|0.40|3.30
0.00|0.00|0.20|3.30
0.00|0.00|0.20|3.30
0.00|0.00|0.00|3.30
50728.05|63742.62|0.70|3.30
256362.23|77656.65|1.30|3.30
171121.90|44473.16|2.60|3.30
333143.72|56426.88|1.90|3.30
