0.00|0.00|34.30|1.10
0.00|0.00|16.50|1.10
0.00|0.00|2.10|1.10
0.00|0.00|32.10|1.10
0.00|0.00|35.50|1.10
0.00|0.00|46.00|1.10
0.00|0.00|34.50|1.10
0.00|0.00|34.70|1.10
0.00|0.00|27.90|1.10
0.00|0.00|0.20|1.10
0.00|0.00|0.00|1.10
0.00|0.00|1.00|1.10
0.00|0.00|4.80|1.20
0.00|0.00|3.90|1.20
0.00|0.00|3.10|1.20
0.00|0.00|2.30|1.10
0.00|0.00|32.20|1.10
0.00|0.00|3.10|1.20
0.00|0.00|28.40|1.20
0.00|0.00|3.10|1.20
0.00|0.00|4.50|1.20
0.00|0.00|5.00|1.20
0.00|0.00|10.90|1.20
0.00|0.00|33.00|1.20
0.00|0.00|48.00|1.20
0.00|0.00|7.90|1.20
0.00|0.00|29.20|1.20
0.00|0.00|34.70|1.20
0.00|0.00|39.90|1.20
0.00|0.00|44.30|1.20
0.00|0.00|12.40|1.20
0.00|0.00|8.80|1.20
4630.10|5591.44|51.90|1.20
9224.99|17746.39|39.80|1.20
0.00|0.00|37.30|1.20
0.00|0.00|11.50|1.20
0.00|0.00|16.00|1.20
0.00|0.00|89.30|1.20
0.00|0.00|91.30|1.20
0.00|0.00|33.20|1.20
0.00|0.00|50.00|1.20
0.00|0.00|75.60|1.20
0.00|0.00|73.90|1.30
0.00|0.00|75.10|1.30
0.00|0.00|91.00|1.30
0.00|0.00|99.40|1.30
6856.35|13189.76|92.40|1.30
4564.39|8780.64|27.20|1.30
0.00|0.00|29.80|1.30
4561.44|8774.98|35.80|1.30
4568.35|8788.26|40.80|1.30
0.00|0.00|33.00|1.30
0.00|0.00|68.20|1.30
0.00|0.00|10.00|1.30
0.00|0.00|11.20|1.30
0.00|0.00|62.70|1.30
1735.90|1465.87|99.80|1.30
0.00|0.00|35.80|1.40
0.00|0.00|11.60|1.30
0.00|0.00|10.30|1.30
0.00|0.00|11.20|1.30
0.00|0.00|11.40|1.40
2302.12|4428.65|60.20|1.40
0.00|0.00|13.70|1.40
0.00|0.00|11.80|1.40
0.00|0.00|65.50|1.40
0.00|0.00|82.40|1.40
0.00|0.00|89.70|1.40
0.00|0.00|95.60|1.40
0.00|0.00|97.80|1.40
0.00|0.00|62.30|1.40
4533.88|8721.96|55.00|1.40
2299.07|4422.79|26.80|1.50
0.00|0.00|76.50|1.50
0.00|0.00|57.30|1.50
0.00|0.00|10.20|1.50
0.00|0.00|37.10|1.50
0.00|0.00|75.80|1.50
0.00|0.00|71.90|1.50
0.00|0.00|28.90|1.50
0.00|0.00|11.60|1.50
0.00|0.00|43.50|1.50
0.00|0.00|86.20|1.50
0.00|0.00|72.50|1.50
0.00|0.00|29.60|1.50
6758.97|13002.43|93.20|1.50
4508.20|8672.55|80.60|1.50
0.00|0.00|47.10|1.50
0.00|0.00|79.30|1.60
0.00|0.00|57.40|1.60
0.00|0.00|74.00|1.60
0.00|0.00|50.40|1.60
0.00|0.00|8.90|1.60
0.00|0.00|44.20|1.60
0.00|0.00|83.40|1.60
0.00|0.00|56.40|1.60
0.00|0.00|42.00|1.60
0.00|0.00|8.70|1.60
6624.33|11272.98|41.60|1.60
6848.06|8782.55|33.20|1.60
0.00|0.00|15.00|1.60
0.00|0.00|51.60|1.60
2284.49|4394.74|81.60|1.60
0.00|0.00|84.10|1.60
0.00|0.00|99.60|1.60
0.00|0.00|64.00|1.60
0.00|0.00|10.50|1.60
0.00|0.00|10.80|1.60
0.00|0.00|9.10|1.60
0.00|0.00|59.40|1.60
0.00|0.00|33.10|1.70
0.00|0.00|9.10|1.70
0.00|0.00|35.10|1.60
2236.14|4301.73|39.00|1.70
0.00|0.00|86.20|1.70
0.00|0.00|65.90|1.70
0.00|0.00|79.60|1.70
8954.77|17226.55|97.20|1.70
2242.70|4314.35|83.90|1.70
0.00|0.00|45.90|1.70
0.00|0.00|26.40|1.70
2252.08|4332.39|46.80|1.70
0.00|0.00|99.80|1.70
0.00|0.00|65.00|1.70
0.00|0.00|9.90|1.70
0.00|0.00|8.40|1.80
0.00|0.00|43.60|1.70
0.00|0.00|86.10|1.70
0.00|0.00|25.30|1.80
0.00|0.00|10.50|1.80
2259.86|4347.36|50.20|1.80
8937.59|17193.50|30.50|1.80
2272.78|4372.22|26.70|1.80
0.00|0.00|81.30|1.80
0.00|0.00|77.10|1.80
2259.65|4346.94|53.10|1.80
0.00|0.00|81.40|1.80
0.00|0.00|71.10|1.80
0.00|0.00|44.10|1.80
0.00|0.00|99.10|1.80
0.00|0.00|69.30|1.80
0.00|0.00|51.60|1.80
0.00|0.00|73.20|1.80
0.00|0.00|16.10|1.80
0.00|0.00|6.50|1.90
4003.10|2463.45|29.00|1.80
0.00|0.00|13.60|1.80
0.00|0.00|72.30|1.90
4418.51|8500.01|79.20|1.90
2252.58|4333.35|31.40|1.90
0.00|0.00|17.50|1.90
0.00|0.00|66.30|1.90
0.00|0.00|100.00|1.90
0.00|0.00|25.30|1.90
0.00|0.00|41.80|1.90
4408.45|8480.66|89.40|1.90
2214.00|4259.13|61.80|1.90
0.00|0.00|19.00|1.90
0.00|0.00|6.60|1.90
0.00|0.00|6.30|1.90
0.00|0.00|67.90|1.90
6658.37|12808.90|74.20|1.90
4523.05|8701.12|38.90|1.90
0.00|0.00|13.90|1.90
0.00|0.00|31.90|1.90
0.00|0.00|9.10|1.90
0.00|0.00|8.00|2.00
4521.87|8698.85|27.20|2.00
0.00|0.00|28.30|2.00
0.00|0.00|100.00|2.00
0.00|0.00|72.10|2.00
0.00|0.00|76.00|2.00
2191.99|4216.80|84.90|2.00
0.00|0.00|72.00|2.00
0.00|0.00|53.40|2.00
0.00|0.00|29.90|2.00
4471.07|8601.14|46.80|2.00
0.00|0.00|34.90|2.00
0.00|0.00|75.40|2.00
0.00|0.00|55.60|2.00
0.00|0.00|10.40|2.00
0.00|0.00|9.00|2.00
0.00|0.00|7.80|2.10
0.00|0.00|56.60|2.10
0.00|0.00|100.00|2.10
4420.97|8504.75|32.00|2.00
4519.11|8693.53|21.20|2.10
0.00|0.00|56.80|2.10
0.00|0.00|37.90|2.10
0.00|0.00|75.10|2.10
6619.75|12734.61|28.90|2.10
0.00|0.00|38.90|2.10
0.00|0.00|13.70|2.10
0.00|0.00|91.20|2.10
4366.00|8399.01|90.20|2.10
2207.95|4247.50|36.40|2.10
0.00|530.53|63.00|2.10
765.14|0.00|81.50|2.10
2249.82|4328.03|66.80|2.10
4400.20|8464.79|34.20|2.10
0.00|0.00|17.00|2.10
0.00|0.00|4.20|2.10
2258.14|4344.05|5.60|2.10
4530.38|8715.22|24.60|2.10
0.00|0.00|73.60|2.10
0.00|0.00|51.50|2.10
6589.02|12675.49|33.30|2.10
8773.45|16877.74|86.60|2.10
6619.31|12733.75|94.20|2.20
13303.26|29857.18|76.00|2.20
9096.39|13124.24|24.70|2.20
0.00|0.00|33.50|2.20
0.00|0.00|0.20|2.20
6762.94|13010.07|1.60|2.20
0.00|0.00|36.90|2.20
0.00|0.00|0.00|2.20
7591.12|1993.63|0.80|2.20
6796.13|13073.90|2.20|2.20
0.00|0.00|34.70|2.20
0.00|0.00|0.00|2.20
6803.13|13087.38|2.00|2.20
15891.89|30571.68|1.60|2.20
15909.11|30604.81|2.60|2.20
2280.93|4387.89|47.50|2.20
0.00|0.00|3.90|2.20
0.00|0.00|0.00|2.20
6752.18|12989.36|1.80|2.20
6762.33|13008.88|8.40|2.20
0.00|0.00|39.00|2.20
0.00|0.00|0.00|2.20
4537.79|8729.48|1.00|2.20
2273.95|4374.47|54.50|2.20
0.00|0.00|5.90|2.20
0.00|0.00|0.20|2.20
22758.36|24815.07|2.80|2.20
15914.81|30615.78|2.20|2.20
2254.08|4336.23|33.80|2.20
0.00|0.00|7.60|2.20
2249.76|4327.94|1.20|2.20
4521.64|8698.42|17.10|2.20
0.00|0.00|25.50|2.20
0.00|0.00|0.40|2.20
6780.79|13044.41|1.60|2.20
0.00|0.00|45.50|2.20
0.00|0.00|0.00|2.20
4520.57|8696.35|1.80|2.20
13610.75|26183.40|1.60|2.20
20313.81|39078.26|2.60|2.20
2258.18|4344.13|35.80|2.20
0.00|0.00|2.80|2.20
2247.59|4323.75|1.00|2.20
9038.13|17386.91|1.80|2.20
2262.79|4352.99|42.80|2.20
0.00|0.00|6.90|2.20
0.00|0.00|0.20|2.20
6751.50|12988.06|2.40|2.20
0.00|0.00|40.30|2.20
0.00|0.00|0.00|2.20
12792.93|18330.16|3.00|2.20
15797.54|30390.18|1.80|2.20
15708.22|30218.36|2.60|2.20
2259.50|4346.67|45.70|2.20
0.00|0.00|9.60|2.20
0.00|0.00|0.60|2.20
6767.57|13018.96|1.80|2.20
0.00|0.00|54.80|2.20
0.00|0.00|0.00|2.20
4501.25|8659.18|1.80|2.20
2255.15|4338.29|38.60|2.20
0.00|0.00|3.80|2.20
0.00|0.00|0.80|2.20
6770.03|13023.71|1.60|2.20
0.00|0.00|53.40|2.20
0.00|0.00|0.00|2.20
2254.14|4336.35|2.80|2.20
9041.22|17392.86|1.20|2.20
2254.94|4337.89|41.30|2.20
0.00|0.00|1.60|2.20
3738.90|981.93|1.00|2.20
15697.40|25883.61|1.80|2.20
11247.64|25964.90|2.00|2.20
0.00|0.00|21.30|2.20
0.00|0.00|0.00|2.20
4497.61|8652.18|1.60|2.20
2248.51|4325.52|35.90|2.20
0.00|0.00|7.40|2.20
4470.93|8600.86|1.60|2.20
11275.47|21690.95|1.40|2.20
2248.28|4325.09|42.90|2.20
0.00|0.00|1.40|2.20
15073.12|5937.89|0.80|2.20
16500.28|17260.67|2.20|2.20
13457.78|25889.12|2.40|2.20
4508.03|8672.23|25.70|2.20
0.00|0.00|17.10|2.20
0.00|0.00|0.00|2.20
10500.84|13944.04|2.00|2.20
0.00|0.00|50.10|2.20
0.00|0.00|0.80|2.20
3758.78|987.15|1.20|2.20
13517.33|26003.67|2.40|2.20
13487.18|25945.68|1.80|2.20
11230.75|21604.92|2.60|2.20
11285.86|21710.94|7.10|2.20
0.00|0.00|38.40|2.20
0.00|0.00|0.00|2.20
14238.32|14902.77|1.80|2.20
0.00|0.00|49.70|2.20
0.00|0.00|2.20|2.20
4475.68|8610.00|1.20|2.20
2182.91|4199.32|40.70|2.20
0.00|0.00|8.50|2.20
2224.00|4278.36|1.00|2.20
4389.60|8444.41|20.30|2.20
0.00|0.00|27.20|2.20
0.00|0.00|0.00|2.20
2232.37|4294.48|2.00|2.20
6716.84|12921.37|2.00|2.20
0.00|0.00|45.80|2.20
0.00|0.00|0.00|2.20
0.00|0.00|1.00|2.20
11200.86|21547.42|1.60|2.20
11188.45|21523.55|1.90|2.20
20098.75|26689.11|2.70|2.20
6675.89|12842.59|2.30|2.20
0.00|0.00|52.10|2.20
0.00|0.00|0.00|2.20
2219.30|4269.33|0.80|2.20
4492.71|8642.75|17.90|2.20
0.00|0.00|31.00|2.20
0.00|0.00|0.00|2.20
2218.07|4266.97|1.00|2.20
4492.67|8642.67|13.40|2.20
0.00|0.00|29.50|2.20
0.00|0.00|0.20|2.20
0.00|0.00|0.60|2.20
8888.03|17098.16|2.40|2.20
6666.08|12823.74|1.40|2.20
0.00|0.00|37.60|2.20
0.00|0.00|0.40|2.20
4430.53|8523.14|1.60|2.20
24038.74|21224.08|2.40|2.20
13415.22|25807.25|1.40|2.20
8922.60|17164.67|2.40|2.20
0.00|0.00|49.50|2.20
0.00|0.00|0.00|2.20
2208.88|4249.28|1.20|2.20
4462.65|8584.93|10.80|2.20
0.00|0.00|19.50|2.20
0.00|0.00|0.60|2.20
6621.11|12737.22|1.60|2.20
0.00|0.00|36.50|2.20
0.00|0.00|0.20|2.20
0.00|0.00|1.00|2.20
11064.09|21284.32|2.40|2.20
4443.68|8548.43|12.10|2.20
0.00|0.00|31.30|2.20
0.00|0.00|0.20|2.20
24455.49|10093.04|2.20|2.20
11165.73|21479.84|2.00|2.20
2138.28|4113.47|37.10|2.20
1644.90|1389.02|3.80|2.20
0.00|0.00|0.80|2.20
13432.22|25839.94|2.20|2.20
11234.27|21611.68|2.00|2.20
2217.18|4265.25|35.00|2.20
0.00|0.00|8.50|2.20
0.00|0.00|0.60|2.20
17683.79|15613.22|1.60|2.20
0.00|0.00|44.30|2.20
0.00|0.00|0.20|2.20
8139.87|9490.27|1.80|2.20
8941.71|17201.42|1.80|2.20
2230.49|4290.86|45.00|2.20
0.00|0.00|3.10|2.20
0.00|0.00|1.80|2.20
13344.15|25670.53|1.80|2.20
13409.11|25795.48|1.80|2.20
2230.28|4290.45|39.90|2.20
0.00|0.00|2.70|2.20
3702.31|972.32|1.00|2.20
6683.73|12857.68|1.60|2.20
0.00|0.00|41.10|2.20
0.00|0.00|0.20|2.20
4411.91|8487.32|2.60|2.20
13383.36|25745.96|1.80|2.20
11112.73|21377.89|2.30|2.20
0.00|0.00|44.10|2.20
0.00|0.00|0.00|2.20
4402.22|8468.67|2.20|2.20
8929.04|17177.06|1.80|2.20
0.00|0.00|54.30|2.20
0.00|0.00|0.20|2.20
0.00|0.00|2.20|2.20
18599.10|23371.48|2.00|2.20
13360.30|25701.59|2.60|2.20
4442.92|8546.97|19.20|2.20
0.00|0.00|26.50|2.20
0.00|0.00|0.20|2.20
4400.08|8464.57|1.80|2.20
2228.92|4287.84|46.60|2.20
0.00|0.00|2.00|2.20
0.00|0.00|1.00|2.20
6624.15|12743.07|1.80|2.20
0.00|0.00|16.80|2.20
0.00|0.00|0.20|2.20
4393.52|8451.94|2.40|2.20
8884.08|17090.57|1.60|2.20
0.00|0.00|50.90|2.20
0.00|0.00|0.80|2.20
2198.59|4229.50|1.20|2.20
29740.43|26258.16|2.40|2.20
6678.62|12847.85|1.80|2.20
0.00|0.00|37.00|2.20
0.00|0.00|0.00|2.20
6591.63|12680.50|2.00|2.20
0.00|0.00|46.20|2.20
0.00|0.00|1.00|2.20
0.00|0.00|1.00|2.20
22122.82|5810.03|1.60|2.20
0.00|0.00|0.20|2.20
0.00|0.00|0.20|2.20
0.00|0.00|0.40|2.20
0.00|0.00|0.20|2.20
3692.22|969.67|0.40|2.20
0.00|0.00|0.20|2.20
0.00|0.00|0.40|2.20
3690.84|969.31|0.40|2.20
0.00|0.00|0.40|2.20
0.00|0.00|0.20|2.20
0.00|0.00|0.20|2.20
10936.37|2911.39|0.60|2.20
29478.36|9701.74|1.20|2.20
0.00|0.00|1.40|2.20
0.00|0.00|27.80|2.20
0.00|0.00|21.30|2.20
3586.53|941.92|36.20|2.20
0.00|0.00|19.90|2.20
0.00|0.00|35.10|2.20
0.00|0.00|5.20|2.20
3659.69|961.13|23.60|2.20
0.00|0.00|0.80|2.20
0.00|0.00|1.50|2.20
0.00|0.00|44.00|2.20
0.00|0.00|3.90|2.20
3663.96|962.25|32.70|2.20
0.00|0.00|30.90|2.20
0.00|0.00|13.30|2.20
0.00|0.00|43.50|2.20
3577.42|939.52|12.40|2.20
0.00|0.00|7.10|2.20
0.00|0.00|37.50|2.20
0.00|0.00|7.10|2.20
0.00|0.00|45.30|2.20
0.00|0.00|12.90|2.20
34065.15|10532.58|6.00|2.20
5797.98|1908.19|10.90|2.20
0.00|0.00|7.40|2.30
3661.42|961.58|9.30|2.30
0.00|0.00|67.80|2.30
0.00|0.00|12.00|2.30
0.00|0.00|42.90|2.30
24972.36|7549.78|41.60|2.30
2166.51|4167.77|40.60|2.30
0.00|0.00|99.80|2.30
2088.89|4018.47|73.90|2.30
0.00|0.00|16.30|2.30
0.00|0.00|30.10|2.30
0.00|0.00|100.00|2.30
0.00|0.00|65.50|2.30
0.00|0.00|76.10|2.30
0.00|0.00|62.20|2.30
0.00|0.00|10.70|2.30
5025.43|5080.05|69.40|2.30
0.00|0.00|16.60|2.40
0.00|0.00|9.60|2.40
0.00|0.00|67.00|2.40
0.00|0.00|93.40|2.40
0.00|0.00|55.70|2.40
0.00|0.00|29.20|2.40
2043.26|3930.67|89.10|2.40
4175.83|8033.17|84.60|2.40
0.00|0.00|92.20|2.40
11534.40|3796.13|42.80|2.40
6475.99|12458.06|15.30|2.40
0.00|0.00|8.20|2.40
0.00|0.00|7.70|2.40
0.00|0.00|7.10|2.40
6507.39|12518.44|13.60|2.40
6509.47|12522.45|13.20|2.40
6544.65|12590.12|13.70|2.40
0.00|0.00|52.20|2.40
0.00|0.00|35.10|2.40
0.00|0.00|99.80|2.40
4138.94|7962.19|49.00|2.50
2181.74|4197.08|35.80|2.50
0.00|0.00|33.50|2.50
0.00|0.00|92.60|2.50
0.00|0.00|80.70|2.50
8426.60|10661.48|73.30|2.50
4202.01|8083.53|60.20|2.50
0.00|0.00|85.10|2.50
0.00|0.00|91.30|2.50
2072.83|3987.57|36.80|2.50
4363.00|8393.23|13.80|2.50
0.00|0.00|42.90|2.50
0.00|0.00|3.60|2.50
4330.32|8330.37|4.70|2.50
6579.50|12657.18|42.20|2.50
8156.16|15690.24|82.60|2.50
9861.80|14953.50|79.10|2.50
14472.95|18924.88|24.70|2.50
2179.52|0.00|51.20|2.50
0.00|0.00|3.80|2.50
0.00|0.00|1.00|2.50
6635.43|12764.77|2.30|2.50
0.00|0.00|40.60|2.50
0.00|0.00|0.20|2.50
4351.86|8371.79|2.10|2.50
8824.52|16975.99|1.70|2.50
0.00|0.00|47.60|2.50
0.00|0.00|1.70|2.50
41496.70|12401.31|1.60|2.50
17650.41|19852.04|1.90|2.50
8681.69|16701.21|2.50|2.50
8791.57|16912.59|2.10|2.50
0.00|0.00|51.20|2.50
0.00|0.00|0.20|2.50
13009.17|15336.17|2.10|2.50
2194.75|0.00|39.30|2.50
0.00|0.00|1.00|2.60
0.00|0.00|0.80|2.50
49658.09|26633.80|2.30|2.50
8719.16|16773.30|1.70|2.50
10854.16|20880.46|2.10|2.60
0.00|0.00|51.10|2.60
0.00|0.00|0.20|2.60
11010.06|11595.32|1.90|2.60
2188.66|4210.39|26.40|2.60
0.00|0.00|25.30|2.60
0.00|0.00|0.20|2.60
7206.77|9255.40|2.70|2.60
10921.32|21009.65|1.30|2.60
8668.08|16675.04|2.10|2.60
0.00|0.00|49.40|2.60
0.00|0.00|0.40|2.60
2157.90|4151.22|1.40|2.60
4370.26|8407.20|13.20|2.60
0.00|0.00|41.40|2.60
0.00|0.00|0.20|2.60
6451.35|12410.64|2.50|2.60
10970.85|21104.94|1.20|2.60
8690.91|16718.96|2.30|2.60
10994.78|21150.98|1.40|2.60
0.00|0.00|51.20|2.60
0.00|0.00|0.20|2.60
2154.81|4145.27|2.70|2.60
4346.73|8361.94|1.70|2.60
0.00|0.00|37.10|2.60
0.00|0.00|0.20|2.60
2083.76|4008.58|49.50|2.60
4180.96|8043.04|5.20|2.60
0.00|0.00|46.20|2.60
0.00|0.00|0.20|2.60
0.00|4130.90|1.90|2.60
6542.19|8390.27|2.50|2.60
0.00|0.00|1.20|2.60
0.00|0.00|48.60|2.60
0.00|0.00|1.10|2.60
0.00|0.00|1.90|2.60
10890.32|20950.02|2.50|2.60
8700.42|20921.57|3.70|2.60
6573.53|12645.69|3.50|2.60
4287.82|4124.30|27.10|2.60
0.00|0.00|29.10|2.60
0.00|0.00|1.50|2.60
4307.97|12431.06|3.30|2.60
2186.81|0.00|43.90|2.60
0.00|0.00|2.70|2.60
0.00|0.00|1.70|2.60
22689.75|9721.60|36.90|2.60
28946.17|74493.83|31.20|2.60
0.00|0.00|47.00|2.60
0.00|0.00|1.20|2.60
7224.17|1897.26|2.50|2.60
82490.37|35222.25|4.50|2.60
0.00|0.00|3.40|2.60
3595.16|944.18|66.20|2.60
0.00|0.00|81.50|2.60
0.00|0.00|41.90|2.60
0.00|0.00|41.30|2.60
0.00|0.00|40.40|2.60
0.00|0.00|36.40|2.60
0.00|0.00|5.00|2.60
0.00|0.00|2.60|2.60
0.00|0.00|1.50|2.60
0.00|0.00|6.70|2.60
0.00|0.00|32.80|2.60
0.00|0.00|9.00|2.60
0.00|0.00|2.50|2.60
0.00|0.00|3.40|2.60
0.00|0.00|4.00|2.60
0.00|0.00|50.80|2.60
4087.48|7863.19|17.80|2.60
113136.86|36369.33|34.00|2.60
414424.09|105088.56|42.70|2.60
2126.58|4090.97|56.60|2.70
102223.86|40332.25|50.50|2.70
231236.48|51582.36|78.90|2.70
0.00|0.00|30.00|2.70
51152.25|54288.43|10.00|2.70
2365.17|29098.74|8.90|2.70
26123.99|5613.42|8.60|2.70
28465.93|31053.74|19.90|2.70
10088.25|10872.49|62.00|2.70
4496.12|8326.81|40.60|2.70
0.00|0.00|11.50|2.70
0.00|0.00|11.50|2.70
0.00|0.00|74.50|2.70
1906.03|3666.69|91.90|2.70
2242.55|1766.86|42.30|2.70
8141.74|34912.33|78.70|2.70
14486.42|50902.76|69.60|2.70
13351.27|0.00|77.00|2.80
0.00|0.00|79.20|2.80
0.00|0.00|100.00|2.80
0.00|0.00|69.20|2.80
0.00|0.00|16.10|2.80
0.00|0.00|20.10|2.80
0.00|0.00|22.40|2.80
0.00|0.00|29.40|2.80
0.00|0.00|12.30|2.80
0.00|0.00|7.10|2.80
14162.27|25320.43|9.60|2.80
0.00|0.00|43.60|2.80
0.00|0.00|100.00|2.80
0.00|0.00|38.20|2.80
1987.09|3822.62|46.50|2.80
0.00|0.00|88.70|2.80
1965.53|3781.14|39.10|2.90
2022.17|3890.10|40.30|2.90
0.00|23611.09|87.90|2.90
13202.64|0.00|84.90|2.90
0.00|0.00|34.10|2.90
0.00|0.00|34.50|2.90
87764.29|21202.06|49.00|2.90
0.00|17659.70|8.10|2.90
0.00|0.00|39.80|2.90
13445.13|29334.83|100.00|2.90
6792.26|0.00|42.30|2.90
1183.59|932.53|22.20|2.90
6671.37|5256.23|27.70|2.90
0.00|0.00|43.70|2.90
8700.32|6945.93|9.60|2.90
0.00|0.00|9.20|2.90
0.00|0.00|31.00|3.00
0.00|4061.80|50.10|2.90
2048.89|0.00|100.00|3.00
0.00|0.00|84.40|3.00
0.00|0.00|98.10|3.00
0.00|5274.32|68.60|3.00
6610.49|0.00|13.10|3.00
0.00|0.00|47.20|3.00
0.00|0.00|38.60|3.00
0.00|0.00|25.30|3.00
0.00|0.00|9.20|3.00
0.00|0.00|9.00|3.00
0.00|0.00|9.10|3.00
0.00|0.00|15.00|3.10
0.00|0.00|56.20|3.00
13195.50|23591.96|81.10|3.10
0.00|0.00|14.40|3.10
0.00|0.00|75.90|3.10
0.00|0.00|50.50|3.10
0.00|0.00|30.30|3.10
0.00|0.00|14.50|3.10
0.00|0.00|88.70|3.10
3912.33|7526.27|97.00|3.10
6528.90|5143.98|72.80|3.10
2456.42|3717.82|31.20|3.10
5999.52|20643.32|31.60|3.10
17439.79|45244.40|37.10|3.10
0.00|0.00|78.10|3.10
0.00|0.00|29.70|3.20
19652.34|39238.61|27.00|3.10
98570.19|38485.08|47.10|3.10
10984.09|31956.94|9.70|3.10
3278.69|8089.82|13.60|3.20
2091.48|0.00|14.50|3.20
0.00|0.00|55.60|3.20
6559.11|5167.79|71.40|3.20
0.00|0.00|43.40|3.20
0.00|3801.13|86.80|3.20
12548.68|12816.38|67.70|3.20
4209.54|8098.01|35.80|3.20
8375.02|16111.26|14.40|3.20
2120.96|4080.15|54.20|3.20
0.00|5233.63|100.00|3.20
7830.51|9679.84|85.00|3.20
21428.42|20278.02|41.40|3.20
12850.19|30790.61|11.10|3.20
13315.14|39324.04|41.00|3.20
0.00|0.00|44.40|3.30
75810.73|24312.87|72.30|3.30
21517.88|61035.31|7.50|3.30
3304.41|4669.28|55.80|3.30
4613.77|0.00|70.20|3.30
0.00|0.00|41.90|3.30
35102.29|93404.93|71.90|3.30
213592.27|56421.23|6.20|3.30
8452.83|16260.95|5.60|3.30
4238.74|8154.18|40.60|3.30
5985.10|16788.71|81.70|3.30
10848.73|7793.23|66.80|3.30
0.00|0.00|33.50|3.30
0.00|0.00|1.70|3.30
10047.78|22661.34|2.50|3.30
4261.77|8198.49|2.70|3.30
2131.41|4100.25|42.50|3.30
0.00|0.00|5.60|3.30
22235.39|62802.39|0.60|3.30
312687.20|101276.23|15.10|3.30
2142.09|4120.80|1.90|3.30
4149.97|7983.42|15.80|3.30
0.00|0.00|35.00|3.30
0.00|1361.80|0.90|3.30
6386.85|12286.57|2.30|3.30
0.00|0.00|50.40|3.30
2627.97|3977.46|0.80|3.30
164258.28|49972.95|1.90|3.30
18571.55|45978.12|2.60|3.30
18527.67|45887.45|3.00|3.30
10853.50|20556.97|3.20|3.30
595411.93|185158.70|4.50|3.30
33959.64|84700.61|2.80|3.30
57528.76|85968.93|2.60|3.30
21095.06|31263.31|4.00|3.30
18165.01|49999.09|3.00|3.30
12003.54|26343.11|50.30|3.30
4673.22|0.00|0.40|3.30
16343.03|29507.25|1.50|3.30
4268.83|8212.07|3.00|3.30
0.00|0.00|51.80|3.30
0.00|0.00|0.20|3.30
11576.33|26575.38|3.40|3.30
11388.51|12433.65|3.00|3.30
14150.51|21082.83|55.50|3.30
14073.24|25161.24|0.40|3.30
4226.23|8130.13|2.40|3.30
4775.80|8097.32|35.40|3.30
0.00|0.00|17.80|3.30
4578.08|16283.41|0.70|3.30
17988.64|36714.82|2.80|3.30
4210.61|4050.04|13.40|3.30
9168.69|27539.77|32.00|3.30
3667.55|10361.71|0.40|3.30
74168.69|30432.77|2.10|3.30
8708.53|14066.25|2.80|3.30
7966.39|18672.35|9.80|3.30
0.00|0.00|48.60|3.30
0.00|0.00|0.20|3.30
207648.41|59166.51|2.60|3.30
16242.83|61552.73|2.80|3.30
28164.11|59307.12|3.00|3.30
48343.21|93864.91|3.00|3.30
9907.04|12222.27|2.60|3.30
11510.72|17978.82|42.00|3.30
12632.87|9953.17|1.50|3.30
0.00|17685.63|1.10|3.30
141645.88|36355.42|1.70|3.30
8065.73|17229.69|43.30|3.30
7913.20|4453.32|1.70|3.30
0.00|3711.05|1.10|3.30
11153.67|12290.70|2.30|3.30
7119.62|5609.40|45.00|3.30
0.00|0.00|0.70|3.30
34871.35|24417.07|2.80|3.30
6407.47|12326.23|2.10|3.30
21711.29|60532.79|1.50|3.30
20324.79|16895.43|2.60|3.30
6379.06|12271.58|2.30|3.30
0.00|0.00|48.30|3.30
0.00|0.00|2.40|3.30
0.00|0.00|0.70|3.30
38991.46|23213.44|2.20|3.30
8456.66|12201.23|1.50|3.30
2071.60|3985.20|43.40|3.30
0.00|0.00|3.50|3.30
2106.47|4052.28|1.10|3.30
4987.54|8647.46|1.90|3.30
0.00|0.00|45.30|3.30
0.00|0.00|0.40|3.30
29201.88|28162.80|3.20|3.30
6375.77|12265.26|2.40|3.30
14739.45|39388.68|1.50|3.30
3707.55|10474.74|50.70|3.30
0.00|0.00|1.30|3.30
5617.79|6808.91|1.90|3.30
4231.82|8140.87|9.00|3.30
3568.62|10983.03|39.60|3.30
1165.38|0.00|0.60|3.30
6285.30|12091.22|2.20|3.30
82898.81|38262.37|3.40|3.30
12281.69|21564.78|1.90|3.30
4238.79|8154.29|2.80|3.30
0.00|0.00|47.80|3.30
0.00|0.00|0.90|3.30
4194.55|8069.18|2.40|3.30
2058.89|3960.74|50.40|3.30
0.00|0.00|6.00|3.30
0.00|921.04|7.60|3.30
5588.73|4014.69|3.40|3.30
7668.59|18275.60|1.70|3.30
4129.96|3972.46|21.00|3.30
0.00|0.00|26.10|3.30
0.00|0.00|0.70|3.30
23758.84|61595.68|3.20|3.30
20434.53|24402.92|1.70|3.30
4206.64|8092.43|9.40|3.30
0.00|0.00|45.50|3.30
5962.75|18558.63|0.40|3.30
21010.80|28423.25|2.00|3.30
110211.27|48776.17|2.60|3.30
8393.05|12109.47|1.70|3.30
8381.72|16124.15|2.40|3.30
8379.52|16119.92|2.30|3.30
7087.74|16401.53|47.40|3.30
0.00|11726.03|6.30|3.30
7279.48|16590.85|0.70|3.30
23316.52|53556.80|3.00|3.30
2103.22|4046.03|25.80|3.30
0.00|0.00|20.90|3.30
0.00|0.00|0.60|3.30
4194.06|8068.22|3.40|3.30
4240.46|8157.50|15.20|3.30
0.00|0.00|31.50|3.30
0.00|9147.92|0.90|3.30
107871.63|48393.98|1.90|3.30
9458.77|16419.00|32.80|3.30
0.00|0.00|13.20|3.30
40305.20|33304.82|1.80|3.30
260313.92|71505.43|2.00|3.30
267483.66|120060.55|1.10|3.30
10784.25|16212.08|1.90|3.30
464645.25|174848.09|3.00|3.30
12393.92|34763.88|1.50|3.30
32538.38|77434.23|46.90|3.30
40530.78|76780.39|0.60|3.30
9127.82|4031.16|1.90|3.30
19730.25|49289.88|1.90|3.30
10501.87|16162.20|2.00|3.30
41342.81|48363.62|2.60|3.30
10640.96|20470.31|1.90|3.30
14165.53|25326.26|49.90|3.30
13925.86|24897.75|0.20|3.30
104895.33|68054.13|1.50|3.30
24195.99|46737.40|2.00|3.30
13316.94|17631.63|1.70|3.30
5878.19|0.00|41.80|3.30
0.00|20174.51|0.20|3.30
25932.32|43623.13|1.30|3.30
6335.94|12188.63|2.00|3.30
0.00|0.00|45.30|3.30
21724.86|61360.42|0.40|3.30
336482.45|127259.84|3.40|3.30
25162.45|46161.07|2.40|3.30
13343.49|19179.04|1.70|3.30
15563.28|63687.52|48.80|3.30
16857.75|9675.75|2.20|3.30
2054.12|3951.57|1.50|3.30
25865.82|69321.09|2.40|3.30
33440.19|68710.70|46.60|3.30
9648.11|55389.21|1.40|3.30
24800.46|21843.08|2.80|3.30
43124.71|29981.26|1.70|3.30
5353.40|3845.64|39.90|3.30
40563.68|114569.42|11.10|3.30
220666.10|97064.83|2.20|3.30
6293.51|12107.01|2.40|3.30
45241.69|46578.62|1.70|3.30
21414.55|43379.55|41.90|3.30
21638.17|61115.58|3.30|3.30
193757.70|189468.38|2.00|3.30
351369.23|208236.53|3.10|3.30
7859.66|8073.05|2.40|3.30
21447.41|60576.78|33.70|3.30
21732.15|61381.00|0.70|3.30
240902.24|94118.96|2.00|3.30
97219.44|95786.62|0.20|3.30
3507.61|921.19|0.70|3.30
80677.38|93003.58|0.20|3.30
17328.92|1835.24|0.00|3.30
98405.92|95193.18|0.20|3.30
3514.84|923.09|0.40|3.30
0.00|0.00|0.40|3.30
0.00|0.00|0.20|3.30
0.00|0.00|0.20|3.30
0.00|0.00|0.60|3.30
0.00|0.00|0.40|3.30
78585.89|89764.20|5.30|3.30
98302.75|93249.31|0.40|3.30
23461.16|8318.05|0.20|3.30
0.00|0.00|0.20|3.30
0.00|0.00|0.40|3.30
0.00|0.00|0.20|3.30
0.00|0.00|0.00|3.30
0.00|0.00|0.00|3.30
0.00|0.00|0.60|3.30
3530.42|927.18|0.20|3.30
98825.40|95598.96|0.40|3.30
0.00|0.00|0.00|3.30
0.00|0.00|0.20|3.30
0.00|21640.69|0.40|3.30
201952.73|198917.73|0.60|3.30
97688.56|67578.34|0.40|3.30
0.00|0.00|0.20|3.30
0.00|0.00|0.00|3.30
101150.18|96193.93|0.40|3.30
0.00|0.00|0.20|3.30
0.00|0.00|0.60|3.30
0.00|0.00|0.20|3.30
0.00|0.00|0.20|3.30
3511.29|922.16|0.40|3.30
81111.71|93504.27|0.40|3.30
116415.29|97524.11|0.20|3.30
98428.42|95214.94|0.60|3.30
3533.53|928.00|0.20|3.30
0.00|0.00|0.20|3.30
0.00|0.00|0.60|3.30
45921.47|49971.27|0.60|3.30
151956.80|142372.49|0.60|3.30
971484.78|481886.94|1.30|3.30
144301.33|13441.57|0.20|3.30
83562.09|93620.16|0.40|3.30
15127.44|1850.89|0.40|3.30
0.00|0.00|0.40|3.30
539696.40|311041.03|0.90|3.30
571203.55|184539.97|0.40|3.30
1598.47|0.00|0.00|3.30
0.00|0.00|0.60|3.30
91739.21|27649.38|0.70|3.30
165287.70|34114.30|1.30|3.30
388374.95|92880.75|13.80|3.30
665303.51|163515.56|2.20|3.30
354561.99|49522.98|1.50|3.30
54469.87|5517.73|2.90|3.30
